36.465869	36.694527	3.6
36.43809	38.012703	1.8
38.272201	38.116728	2
38.486979	38.148539	2.6
38.710014	38.246513	2.9
38.431539	38.236031	2.2
37.208838	37.525138	2.4
36.815377	37.267371	1.3
37.246204	37.548499	2.1
36.855505	37.279289	2.1
38.070475	37.957019	1.5
37.225899	37.532414	1.9
38.118205	38.233712	2.4
36.099882	36.161747	3.4
37.011145	37.447668	1.9
37.011593	37.435193	1.2
36.858598	37.373914	2.1
37.214823	37.528276	1.8
36.320801	37.881445	2.7
36.932951	37.38894	1.4
38.308875	38.107536	2.7
38.668014	38.231624	2.8
37.069051	37.485978	1.9
35.969767	36.308516	3.2
37.192147	37.521965	2.6
37.523816	38.038692	2.3
37.237992	37.536235	2.1
36.477006	36.725403	2.4
36.681689	37.156925	2.7
38.083643	38.222839	2.7
36.749377	37.23208	2
36.990857	37.42382	2.2
37.174601	37.462451	2.7
36.620374	38.120915	2.4
38.425179	38.140157	1.3
38.272632	38.115348	1.2
38.559888	38.160181	1.6
38.404753	38.120325	2.4
38.136633	38.107438	1.9
37.133594	38.063017	2.1
37.009204	37.460437	2.3
37.132841	38.058268	4.1
36.399178	37.956783	3
37.033415	37.333289	1.2
36.550362	38.003178	3
37.960107	38.201563	2.7
37.570227	38.031474	3.1
37.176725	37.463289	2.4
36.594425	38.091984	2.8
36.605343	36.95424	3.2
37.633024	38.049414	2.6
36.792452	37.295382	2.3
37.865792	38.179683	2.5
37.053959	37.359611	1.9
38.232039	38.096529	2.5
36.583801	38.040039	2.8
36.874418	37.385022	2.6
36.327767	37.91027	1.6
36.59115	38.020532	1.7
37.665515	37.800146	2.7
36.98444	37.215088	1.4
36.824312	37.372571	1.6
38.34755	38.095426	3
35.971139	36.341264	2.2
38.189917	38.236792	2.6
38.156083	38.269299	2.1
36.811686	37.301978	3.1
36.817924	37.290112	2.9
36.329924	37.889832	2.7
36.61766	36.94102	3
36.801717	37.291174	3
38.109294	38.249508	1.9
37.571928	38.029053	2.4
37.159843	37.453569	2.7
37.86158	38.127189	2.1
36.747632	38.066166	2.7
36.595968	37.891756	2.4
36.814921	37.316313	2.5
38.109155	38.219299	3.3
36.997144	37.297998	1.6
37.850427	38.098657	2.2
37.039225	37.31759	1.4
37.948523	37.956421	4.1
37.341646	37.600403	2.7
36.735156	37.196611	2.8
36.970911	37.404569	1.8
37.341101	37.596061	2.6
37.022074	37.347904	1.7
37.646794	37.983842	3
37.500073	38.021484	2.9
38.611255	38.187638	2.1
38.03903	38.181746	2
37.360364	37.483195	2.4
36.57867	38.025171	3
38.423067	38.12616	2.6
37.24458	37.533952	1.5
37.700399	38.047058	2.9
36.598417	37.92019	2.3
38.026111	38.200875	2.2
36.541309	36.843095	2.5
35.978805	36.365613	2.8
36.854028	38.099133	2.1
37.821094	38.115031	2.2
37.686206	38.278882	2.2
36.513538	36.682271	2.2
36.930298	37.361051	1.7
37.384159	38.060628	3
36.604513	37.828532	2.3
38.435962	38.13785	2.5
36.554407	38.121012	3.4
36.377116	37.970581	2.1
36.910339	37.208834	2.3
37.703158	37.809151	2.7
36.687842	38.109452	2.2
38.47301	38.163835	2.1
36.599052	38.056694	3.1
36.596924	38.027242	3.5
36.397957	37.966154	4.1
36.608081	38.049007	2.9
36.606596	38.057166	3.7
36.920463	37.326282	1.8
38.017179	38.201872	1.7
38.224495	38.06182	2.8
36.408276	37.899939	2.4
38.106694	38.215877	3
36.954403	37.452205	2.6
38.467533	38.148983	1.8
36.990055	37.294149	2.6
36.850175	37.267554	2
36.305652	37.882898	2
36.575057	38.046366	3
38.144177	38.238839	2.5
38.093587	38.204374	2
37.062447	37.487862	1.5
37.18099	37.507821	1.8
37.384928	37.671802	2.3
38.716439	38.240344	1.6
36.545683	37.984501	2.3
36.895357	37.430294	1.8
38.499727	38.194047	1.9
37.058826	37.289632	1.7
37.108268	37.503247	1.8
37.622046	38.05743	2.4
38.476274	38.220536	1.8
37.8691	37.859379	2.3
36.550537	38.018445	2.5
36.922603	38.114067	2.7
38.007178	38.168274	2
37.263875	37.548804	3.2
37.832996	38.102116	2.2
36.583024	37.894539	2.3
37.808801	37.875541	2.4
36.747628	37.212992	2.4
38.464103	38.150065	1.9
36.86202	38.112793	3
38.01805	38.181722	2.5
36.808732	37.382458	2.5
36.855912	38.103361	3.4
36.939913	37.151221	2.8
37.383199	38.05918	2.4
37.584167	38.042021	2.2
37.186133	37.50813	1.9
36.955977	37.421619	1.8
36.537732	38.011666	2.6
37.443856	38.049923	3.1
38.804187	38.302393	3
37.387858	38.034314	1.8
37.589242	38.024837	1.8
37.790259	37.87419	2
37.870858	37.827547	3.4
37.339522	37.605237	2
38.018498	38.208923	2.9
36.639038	37.88859	3
37.678271	38.065849	2.5
36.965141	37.272424	2.3
37.214258	37.51615	2.4
36.311491	37.882129	3
38.635962	38.26436	2
37.143388	37.471228	1.7
37.19104	37.455139	2.3
38.446818	38.13302	1.5
38.57218	38.187708	1.7
35.872111	36.057454	2.4
38.33033	38.15046	2
38.394918	38.074459	1.8
36.317224	37.873332	2.3
36.55745	38.076542	2.5
38.0212	37.952669	1.6
37.85627	38.07229	2.7
37.854289	38.073551	2.7
36.548519	37.96298	2.4
37.303003	37.610441	2.2
38.132996	38.248706	3.1
38.19587	38.222253	2.9
36.273397	37.924862	3.6
37.152161	37.47596	2
37.648381	38.071704	2.1
37.083443	37.360225	1.7
37.432471	38.037004	2
36.312618	37.881519	2.2
36.960824	37.200639	1.5
38.429256	38.069063	2.7
36.607943	37.184741	1.9
37.315544	37.595577	1.8
37.188607	37.536564	1.9
36.993323	37.420508	1.5
38.342306	38.099288	2.9
37.626595	38.051929	2.1
36.579032	37.84565	2.6
36.2828	36.443717	2.1
37.837406	38.159993	1.6
38.145313	38.237174	1.5
38.045471	38.233012	1.7
37.762679	37.813749	1.6
36.735893	37.209953	2.3
36.960901	37.278658	2.2
37.433549	38.107019	3.7
36.461902	37.879085	2.3
37.036739	37.345455	2.4
36.352299	37.916715	2.5
35.815678	36.031437	2.7
37.062915	37.359676	1.4
38.486129	38.171102	3.7
38.410457	38.150663	1.9
38.235242	38.066842	2.3
36.578121	38.05898	2.1
37.126681	37.500842	1.4
36.648027	37.119804	2.2
36.893335	38.105265	2.4
37.923836	37.915605	2.2
37.779248	38.103243	1.9
37.713147	37.826827	3.5
37.899561	38.169373	2.4
38.159574	38.101078	2.1
38.419812	38.164327	1.8
37.842387	37.928796	1.9
38.508154	38.177181	1.6
38.42065	38.14943	2.2
35.8986	36.174862	2.7
37.435868	38.054285	2.1
36.321073	37.851737	2.3
38.258785	38.294987	3.3
36.525472	38.057178	2.6
36.917757	37.164132	2.7
37.784989	38.279342	3
36.615002	38.063379	3.8
38.010075	38.188676	3.5
38.460075	38.157373	3.1
38.164966	38.246521	3.1
37.179944	37.522506	1.8
36.670431	37.162431	2.7
38.053007	38.18079	2.6
37.708606	38.057161	2.7
36.367928	36.361711	2.7
36.321159	37.807194	2.1
36.989433	37.422648	2.3
36.736853	37.174984	2.5
36.620728	38.138383	2.4
37.650464	37.850936	2.3
36.323775	37.809847	2.4
36.430554	36.669816	3.5
37.186336	37.511812	3.4
37.190519	38.094031	3.1
37.793966	38.127144	1.9
37.69871	38.013993	2.2
38.18914	38.232052	2
37.647827	37.834094	2.8
38.592594	38.190365	3.8
36.549455	37.848612	2.4
37.755538	38.130192	3.1
36.506689	38.100899	2.5
36.47546	36.755363	2.8
36.926412	37.154338	2.1
37.826742	38.096737	3.5
36.600346	37.997192	3.9
36.836776	37.324711	2
37.151453	37.496025	2.4
36.622201	37.93503	2.4
36.978296	37.146139	1.9
37.646924	37.992908	2.4
37.616878	37.821167	2.1
37.835006	38.186027	4.7
36.981344	38.105489	1.9
37.673315	38.066699	1.8
36.583089	38.062712	2.5
36.824243	37.33818	2.1
36.460368	36.63252	3.2
36.583484	38.046098	2.7
36.662724	38.05977	2.1
37.014889	37.50131	2.5
36.966089	37.403239	2.6
38.041976	38.197257	1.5
36.484017	38.028361	3.9
38.616272	38.256689	2.2
36.624158	37.148547	1.9
36.555017	37.984241	2.5
36.406466	37.967875	2.4
36.836051	37.230518	2.2
38.100525	38.21759	1.6
38.371354	38.085767	1.3
37.904553	38.050806	2.6
36.871513	37.042647	2
36.530965	36.8493	2.6
36.816541	37.314937	2.7
38.383366	38.118709	2.4
36.920752	37.109652	2.8
38.364913	38.102043	2
36.463481	36.6427	2
38.071948	37.936243	1.9
36.489819	36.661926	2.4
38.440063	38.10946	1.9
36.630233	38.068599	2.4
38.141073	38.292017	1.8
37.336861	37.604537	2.1
37.723625	38.106335	2.9
37.134701	37.516097	2.1
37.150663	37.370622	1.9
37.733272	38.071448	1.8
36.440479	37.936943	2.1
37.086458	38.108683	2.8
36.629277	38.062703	1.9
37.243774	37.528674	2
37.611914	38.036076	2.9
38.431779	38.140165	2.5
37.633976	37.736438	2.9
37.0712	37.506165	2.1
38.439294	38.134367	1.9
38.031665	38.198096	2.2
38.358903	38.096073	2
37.93127	38.060795	2.7
36.859823	38.105754	3.1
36.619641	38.115564	1.9
38.438538	38.102238	1.8
37.024276	37.454008	1.5
36.923429	37.398124	1.7
37.178739	37.505184	2.6
37.466406	38.093538	2.8
37.862996	37.883301	3
36.355717	37.916528	1.8
36.309298	37.869344	2.6
36.5113	38.106315	2.9
36.874422	37.358813	2.4
37.27948	37.557284	2.9
38.205229	38.264026	2.9
36.634013	38.058533	2.9
36.418526	38.029956	2.8
37.26722	37.585893	2.5
36.921484	37.457922	1.8
38.321887	38.067517	1.7
36.648075	38.040816	2.1
37.255802	37.577608	3
38.267607	38.091467	3.1
37.064555	37.401351	2.1
37.009465	37.471134	2
36.996753	37.300513	1.6
36.427889	38.023718	2.9
36.426416	38.028031	4.8
36.657947	37.026676	2.6
37.948238	37.955562	2
36.321399	37.869198	1.7
38.388269	38.112724	1.6
36.308472	37.865507	2.8
36.633976	36.937065	1.6
36.849715	37.309766	2.6
37.239628	37.537362	2.3
36.534318	38.055937	2.8
36.891732	37.161324	2.6
36.625488	37.886983	3.2
36.889657	37.024101	2.2
36.492517	37.987244	3.8
36.285461	37.859391	2.3
36.235905	37.829399	1.7
37.374923	37.793746	1.7
38.255526	38.276322	2.2
37.312447	37.604399	1.6
37.20789	37.490027	1.6
38.4696	38.158167	2.8
36.254329	37.853223	1.7
37.80555	38.113969	2.9
37.900777	38.17568	2
36.482894	38.026925	2.6
36.557084	36.868172	1.8
37.180001	37.518001	2
36.626872	37.872587	2.7
38.101778	38.263586	2.3
37.002201	37.460905	1.3
37.014233	37.323568	1.7
38.13973	38.29185	2.7
38.059298	37.975126	1.7
37.515434	38.018994	2.6
36.32806	37.874768	2.3
36.326611	37.862496	1.8
36.893717	37.091447	1.8
36.434387	37.864437	2.4
36.830481	37.39891	1.5
36.825968	37.320768	1.7
37.8493	38.11311	1.9
36.277279	36.412854	2.8
37.903564	38.057316	3
36.606099	38.079374	3.6
37.823165	38.117407	2
35.928813	36.05745	3.1
38.520085	38.213367	2.2
36.999235	37.298946	3.5
38.098417	38.22535	2
37.690649	38.048372	2.3
36.822392	37.263916	2.3
36.562227	37.999154	2.6
36.396611	37.887415	3.4
37.255514	37.553984	2
36.362174	37.956653	2.6
38.170634	38.240995	1.8
36.740617	38.135026	2.1
37.630676	37.790474	2.3
38.02061	37.958175	2.9
35.92876	36.332072	3.3
37.808813	38.121879	2.3
37.845854	38.173332	3.3
36.575618	36.904838	3
36.589119	38.035543	2.6
37.160954	37.468184	2.3
36.246493	37.860588	3.3
36.6104	38.036759	2.2
38.648393	38.211056	4.2
36.733785	38.077694	3
36.535938	36.806689	3.8
36.310799	37.874654	4.2
37.832373	37.808834	2.4
37.823063	37.868424	2
36.318066	37.885579	2.8
38.573035	38.192464	2
38.518188	38.179008	3.9
37.830465	37.819128	4
38.524084	38.167887	4.5
36.592297	38.056702	2.3
38.210303	38.267904	2
37.251676	38.066984	3.9
37.408427	38.065881	3.3
36.871993	37.052132	1.9
36.623901	37.869002	2.9
36.66261	37.16875	2.3
38.008268	37.958842	1.9
38.408643	38.17196	2.5
36.579395	36.858944	2.7
37.00861	37.283187	2.1
37.685238	38.334603	3.5
36.999015	37.455221	2.3
35.989486	36.083805	3.4
36.291789	37.950761	2.8
36.585343	38.066239	2.2
36.846912	37.262724	2
36.79397	37.270235	2.7
37.832072	38.154891	2.7
38.104362	38.206828	2.4
37.200391	37.440499	1.9
36.621452	36.930648	4.6
37.413639	38.024337	2.3
36.567277	37.824805	2.9
36.336397	37.895138	3.3
38.605033	38.253072	2.2
37.192216	37.476457	1.6
37.01569	37.324215	1.5
38.448828	38.134448	2.8
38.27616	38.114543	2.9
37.798971	38.114213	3.6
36.588452	36.923584	2.6
37.663684	38.078809	2.2
37.58116	38.028133	2.4
37.927677	37.934778	3.3
38.649707	38.209428	2.4
37.230745	37.528483	2.8
37.121696	37.52723	2.2
37.200338	37.456205	3.4
36.742741	38.057621	3.6
38.448169	38.207528	3.7
36.480868	37.958459	2.2
36.589217	38.008797	2.9
36.944942	37.388599	3
37.417249	38.036112	3.8
36.968018	37.474475	3.7
36.981698	37.462797	3.6
38.495675	38.169055	3
36.824654	37.291288	2.2
36.32592	37.886031	2.6
36.577848	38.02911	2.7
37.730351	37.801583	2.1
37.801481	38.10933	2.5
38.468274	38.162301	1.5
37.038924	37.501982	1.6
37.288159	38.229879	2.5
36.489144	38.011047	3.5
36.64967	37.886418	3.1
38.847762	38.274101	1.9
37.129277	37.389181	2.4
37.761137	37.867773	2.2
37.05262	37.336967	2.2
37.415637	38.021562	2.7
37.818388	38.119364	2.9
37.242896	37.519592	2.1
38.688529	38.256649	2.6
37.061108	37.489718	3.7
37.837358	37.819946	2.5
36.921647	37.454915	2.2
36.942529	37.440255	2.2
36.532385	38.012061	2.4
37.288456	37.588424	2.8
37.935213	37.916394	2.2
37.673336	38.054061	2.9
37.625366	38.052336	3.3
36.584855	38.011348	3
37.490137	38.022111	3.5
37.201213	37.502401	2.1
37.729333	38.073763	3
37.708464	38.058712	3.1
37.816805	37.81523	3.1
38.20144	38.282983	2.4
36.022852	36.392655	3
36.740186	37.164478	2.8
37.15953	37.37463	1.3
37.517957	38.020646	2.8
37.822648	38.127824	3.8
37.289018	37.587443	3
36.64008	37.879834	2.6
36.842969	37.252844	1.9
36.971195	37.276392	2.4
38.532829	38.208712	2.5
37.856917	38.138684	3.3
36.570117	38.080754	2.8
37.139681	37.435136	2.4
37.420174	38.06696	1.9
36.968754	37.4262	1.9
36.944922	37.15686	2.1
37.161129	37.50627	1.5
36.438395	37.988505	2.3
36.923718	37.337561	2.5
36.920247	37.340324	3.7
37.807633	38.090426	2
37.992008	38.19974	3.1
37.676058	38.048661	2.9
36.971891	37.399886	2.6
38.685518	38.304911	2.7
36.087252	36.177515	2.4
36.815068	37.312793	2.1
36.366626	37.964388	2.2
38.19873	38.264449	3.5
36.975024	37.263326	2.2
38.448466	38.140214	3
36.938546	37.148991	2.2
37.553605	38.062345	2.8
36.612581	37.883492	2.2
36.265641	37.913489	1.8
37.090035	37.376685	1.5
36.914482	37.352543	2
36.877482	37.34799	1.8
37.205428	38.096464	2.7
37.855945	38.140206	2.4
37.17026	37.515324	2.1
37.140861	37.407125	1.8
36.922823	37.342261	2.7
38.551563	38.124528	2.7
37.079333	37.359713	1.5
37.075399	37.503491	2.6
36.593896	37.976021	3.2
38.488892	38.172538	2.5
38.204028	38.304195	2
37.75848	38.177856	2.6
38.03232	38.007642	2.6
36.381482	37.953707	3.7
38.411263	38.117013	2.7
37.181315	37.475338	1.2
36.620569	37.945813	2.4
36.64891	38.075566	2.4
38.043656	38.197139	2.6
36.472673	36.725203	2.6
36.628072	38.077795	2.3
35.893099	36.15223	2.7
36.298698	37.877348	2.7
38.015845	37.952189	2.7
37.644491	38.01816	2.2
38.254399	38.26711	2.6
36.940861	37.381698	1.5
37.828548	37.884794	2.9
37.074711	37.296525	2.4
37.032536	37.320837	2.8
37.166484	37.452482	1.6
37.297681	37.588241	2.7
36.691227	37.09904	2.7
36.607312	38.042135	4.6
37.130355	37.417505	2.3
36.93394	37.225102	1.9
38.615845	38.151636	1.9
37.816797	37.883931	2.6
36.490133	38.053023	2.2
36.975834	37.398975	2.6
37.872965	38.149068	3.4
36.726029	37.097201	2.3
35.924849	36.108565	3.6
37.34825	38.03575	3.7
36.532772	38.063232	3.7
36.596997	38.019161	2.4
37.154081	37.436641	1.9
37.188293	37.492192	2.3
38.21602	38.086707	3.4
36.46248	38.028129	3.6
37.026554	37.465719	1.7
36.568722	38.080908	3.1
36.46154	38.016956	2.5
36.570597	36.851274	3.9
38.094999	38.21154	2.8
36.630798	38.062227	3.2
36.65415	37.173515	2.1
36.970984	37.222746	2.1
36.529476	38.038717	2.3
36.580811	37.998258	3.3
36.627116	36.922384	3.2
37.8177	38.156986	3.3
36.995654	37.454728	1.6
36.761759	38.026668	3.3
36.544055	38.024365	2.7
36.906437	38.102112	2.5
36.942403	37.389412	1.7
36.957617	37.414783	2
36.736784	37.402104	3
37.979785	37.938932	2.2
38.373336	38.02701	3.4
36.986178	37.352633	1.8
36.790535	37.404301	2.5
36.435173	38.015686	2.5
37.190755	37.487317	2.3
37.110474	37.502039	3.8
38.532406	38.165548	3
37.788574	38.11877	2.4
36.752389	37.212915	2.4
36.620211	37.991858	3.1
37.032686	37.347017	4.1
36.956555	37.377974	1.6
36.824577	37.31228	1.8
36.935384	37.391927	1.7
37.1165	37.415479	1.7
36.655998	38.068697	3
36.960364	37.380981	2
37.554167	38.061849	2.1
36.949902	37.379871	1.8
36.958757	37.382418	1.9
37.709383	38.052747	3.2
36.943193	37.387073	1.7
36.951624	37.384111	4.6
36.635303	37.018673	3.2
37.052535	37.344198	2.3
36.604057	38.085563	3.1
36.837813	37.256026	1.6
36.951188	37.383683	3.5
36.351322	36.338717	1.9
36.59847	36.948303	3.3
37.759977	37.829521	1.8
37.047957	37.310148	3.8
37.23536	38.113371	2.6
38.017643	37.963245	3.1
36.403609	36.358972	2
36.647457	38.082552	4
38.413806	38.107471	2.8
35.955176	36.388997	3.1
37.288729	37.57749	2.1
36.315324	37.871155	2.4
37.22369	37.536584	2.4
36.578455	36.887939	2.3
36.460819	38.014954	2.6
36.638253	36.909884	2.9
37.109013	37.499072	1.7
38.007345	38.194832	4.1
36.984631	37.452979	2.2
37.228251	37.522457	2.2
37.851485	38.141309	3.6
38.388106	38.130396	2.4
38.00955	37.951526	2.5
38.101388	38.219316	1.9
38.602865	38.224447	2.4
38.227881	38.270524	2.2
37.831083	38.108671	2.3
37.191361	37.490885	2.3
37.242424	37.498018	1.8
36.623161	37.809387	4.1
38.25011	38.105754	3
38.50979	38.134814	2.5
36.971415	37.411161	1.5
36.888908	37.197021	2.2
37.920308	38.178784	3.1
37.048535	37.356698	2
38.600952	38.198625	2.4
38.608451	38.221847	2.3
36.913664	37.348645	2.1
38.410811	38.12961	2.8
36.701225	37.127799	2.1
37.146842	37.508114	2.7
36.817224	37.303674	3.2
36.740495	37.197347	2.7
37.821464	37.849487	3.2
36.925444	37.350663	2.5
36.608053	38.090564	3.2
38.193311	38.272038	2.9
36.737594	36.962752	4
36.597583	37.897876	3.6
36.583354	37.995996	3.4
36.460518	37.992086	3.4
37.17865	37.439722	1.8
36.754956	37.243136	2.2
37.118722	37.400903	2.2
37.114461	37.409212	1.8
37.863273	37.851013	2.7
37.152523	37.463778	1.6
38.724727	38.246448	2.8
38.527677	38.158875	2.1
37.132987	37.446322	1.8
36.576172	36.896423	3.3
37.25721	37.561226	2.3
36.590332	36.845862	2.2
37.805147	38.093998	2.5
36.609383	38.052616	2.2
36.372274	38.003861	2.4
37.313318	37.591125	1.5
36.411039	37.929061	2.5
38.1302	38.222477	4
37.168311	37.457723	2.1
36.273844	36.417098	3.8
36.562386	38.086088	2.9
36.740572	37.131755	2.1
37.948055	38.20671	2.8
38.75389	38.233317	2.1
38.555851	38.185262	1.8
36.979	37.451917	1.7
38.611906	38.236015	2.1
38.499792	38.15752	1.8
38.408346	38.183	2.5
38.183289	38.311646	2.7
37.078947	37.480831	2.8
36.713774	37.174361	3
36.745007	37.214331	2.3
37.216463	37.514376	2.1
36.606502	36.877059	2.5
37.836458	38.155066	3.5
38.105615	38.182906	3
37.240869	37.541968	2
37.015666	37.322021	2.9
37.99163	38.15662	3.7
36.226359	36.340999	3.3
37.620227	37.82157	3.2
36.730347	37.163615	3.2
37.16661	37.527755	2.2
36.238782	36.36567	2.7
37.283822	38.096122	3.9
37.716618	37.80319	3.6
37.191361	37.496558	1.9
37.227958	37.56864	1.4
36.695862	37.20422	2.9
37.229297	38.073633	3.7
38.554875	38.208105	2.8
37.260522	38.082198	3.4
38.703585	38.185669	2.5
38.297933	38.132572	2.6
36.984762	37.435775	1.7
36.69764	37.188363	3.8
36.727987	37.198938	1.9
37.141296	37.433919	2
37.170927	37.442167	1.9
36.475895	38.053699	3.2
36.693062	37.197815	2.3
37.105648	37.509766	1.4
37.584587	38.006494	3.4
38.517529	38.161792	4
36.919857	37.413713	1.7
36.309985	37.870748	2.7
36.295764	36.428935	2.9
37.04325	37.44554	2.1
37.249898	38.089319	3.1
38.496606	38.15553	3.2
36.312122	37.855575	2.8
38.493941	38.160132	1.9
38.745443	38.309566	2.8
37.665678	38.036536	2.9
36.566988	36.892065	3.7
36.923425	37.158134	2.7
36.925399	37.148368	3.4
37.145516	37.460124	2.1
36.670003	37.158077	2.3
37.447404	38.023889	4.2
36.326286	36.449919	3.9
36.941256	37.259338	3.2
37.900838	37.891695	2.2
37.816524	38.115259	3.6
36.959501	37.528544	1.2
38.414962	38.111633	4.1
37.528674	38.027002	2.8
37.019006	37.508988	2.6
36.873356	37.322274	1.9
37.009204	37.43549	2.4
36.620577	37.873979	3.8
36.907524	37.132898	1.7
36.963468	38.048621	3.5
38.137174	38.226579	3
36.827767	37.299105	2.4
36.720085	37.137992	2.2
36.594625	37.888513	2.6
38.115755	38.266366	2
37.144413	37.467159	2.3
37.271285	37.578023	2.4
36.340466	37.907385	2.6
36.61912	36.964128	2.8
37.492135	38.026668	3.5
37.915653	38.057886	2.5
36.036515	36.298661	4
36.432373	37.8828	2.7
36.267432	37.932882	2.5
37.294657	38.080595	2.8
36.653772	37.164176	2.5
38.532552	38.180029	3.7
38.387447	38.088367	1.6
37.47509	38.06165	2.2
37.244259	37.558691	2
37.47911	38.031514	2.6
36.377771	36.454244	3.1
37.037821	37.324658	2.6
38.084648	38.180391	2.9
37.803984	38.186198	3.6
38.173083	38.250643	3.6
38.031519	38.178158	3.9
38.798372	38.318709	2.3
36.274756	36.38689	2.9
36.895719	37.370365	2.1
37.924194	38.164986	3.2
37.822286	38.160437	3.5
37.814653	38.135706	2.3
38.506608	38.272579	2.4
37.879374	37.899357	1.8
36.469238	38.05282	4.2
37.047595	38.087594	3.9
36.296476	37.892301	2.5
37.012191	37.296012	3.1
37.0099	37.299809	3.7
37.178878	37.499589	2.8
36.919023	37.238167	1.6
36.720422	37.194092	2
36.619084	38.057723	2.8
38.660632	38.227832	2.1
37.795744	38.127783	3.4
38.476648	38.183789	2.6
36.935913	37.157113	2.1
37.786536	38.088399	2.7
36.482625	36.706673	4.6
37.15094	37.531771	1.9
38.047017	38.193697	2.5
37.672839	38.065263	2.3
38.624487	38.215934	3.1
38.626265	38.220011	3
37.891764	37.795886	2.5
36.684505	37.177087	2.1
38.128133	38.27087	2.1
37.235417	37.525647	2
37.110669	37.388212	2.7
38.530603	38.17039	2.3
38.589315	38.252315	3.3
36.96779	38.105937	3.8
37.074064	37.38337	3.6
38.549312	38.202572	2.2
36.570345	36.92902	2.9
37.464506	37.684753	3.7
36.397319	37.976371	2.4
36.743868	37.214128	3.2
36.270276	36.304077	3.9
36.755741	37.260205	2
37.879871	37.878845	4.3
36.3948	38.014693	2.4
36.088611	36.270402	3.9
38.73057	38.263159	3
37.228174	37.534395	2.6
36.847624	37.259806	2.4
36.84126	37.320117	1.4
36.532288	36.776652	2.7
37.912944	38.181816	3.7
36.744682	38.084326	2.8
36.386332	37.898279	2.9
37.767513	38.089347	2.4
38.46123	38.154313	1.9
36.742525	37.293746	2.3
36.809155	37.404675	2.7
36.406262	37.962199	3.2
36.740731	37.224015	3.6
38.223641	38.018587	2.5
36.321293	37.899756	3
36.515186	36.692	2.4
38.597331	38.283427	2.4
38.660885	38.218392	2
38.60791	38.201046	2.3
36.305107	37.8604	1.6
36.464669	38.029069	3
36.382214	37.961943	2.4
36.138289	36.352311	2.9
38.655542	38.218567	3.1
37.953483	38.183301	3.3
36.406901	38.008663	2.4
38.66202	38.22146	4.4
37.030192	37.449357	2
37.697559	38.354354	3
36.94078	37.13302	1.5
36.312349	37.870483	3
36.994836	37.415381	2.4
36.934701	38.088298	3.6
38.208289	38.085754	3.4
37.778866	38.063753	2.5
36.951025	37.23571	2.8
36.673946	37.145968	3
38.633427	38.232849	2.1
37.837394	38.095125	3
37.519515	38.05214	2.8
36.593066	38.051737	2.9
36.568624	36.833569	3
37.964539	38.093005	2.6
38.301965	38.113855	2.8
37.886141	38.16182	2.7
37.290523	37.561837	3
36.503581	38.034054	3.2
37.124772	37.452323	2.3
36.648869	37.905522	3.1
38.58575	38.1979	3.3
36.769255	37.384119	3.3
37.838106	38.086548	3.4
36.87666	37.367887	2.5
38.189779	38.081405	3.1
37.943437	37.921029	1.8
37.227515	38.082503	3.5
36.326884	37.894771	2.8
36.432959	37.972384	2.6
36.312992	37.884692	2.9
36.456108	38.022127	3.8
36.294328	37.852429	2
36.463883	38.027751	3.9
36.45568	38.018502	4.4
37.801074	38.086064	2.5
36.326139	37.888696	3.2
37.151697	37.457609	2.8
36.371338	37.988513	4.1
38.41071	38.181083	1.9
37.541923	38.36709	2.7
38.067004	38.193604	2.3
36.365088	37.966536	2.4
37.527287	38.049687	2.6
36.966895	37.199113	2.3
36.529834	38.021838	2.6
38.629932	38.250655	2
37.008822	37.445186	2.8
36.84231	38.07994	3.4
36.59325	38.06014	4.3
37.825647	38.208256	3.4
36.467253	37.990857	2.1
36.89423	38.118062	3
36.660311	38.002014	2.2
38.162056	38.216463	2.6
36.631335	37.867997	3.9
36.967904	37.388997	3.6
37.806974	38.101571	2.7
38.178577	38.013546	1.9
36.937362	37.441423	3.4
38.106152	38.227014	3.3
37.804057	38.139799	3.6
37.626742	37.796594	2.9
37.916052	37.88835	2.5
37.097262	37.500911	2.2
36.680729	38.138892	4.2
38.243209	38.063269	1.6
37.053414	37.487174	2.3
36.961259	37.240458	2
37.984977	38.175785	2.5
38.080595	38.169812	2.9
37.867855	37.882882	2.6
37.108195	37.499479	2
36.963631	37.378182	2
36.945321	37.174231	3.3
36.828105	37.312533	2.4
36.740495	37.194312	3.1
37.84248	37.88953	3.3
38.476823	38.179268	1.6
37.68547	38.069552	2.5
36.85542	37.24351	2.1
36.552132	37.861324	2.4
36.381978	38.023336	2.2
36.612276	37.966825	3.1
38.156868	38.080884	3
37.713774	37.794653	2.5
38.204338	38.043335	1.6
38.223669	38.134285	2.8
37.010262	37.154663	2.6
36.959253	37.423511	2.2
38.169499	38.091764	4.2
37.170854	37.421004	2.5
36.700736	37.198193	2.6
38.044096	38.1743	2.7
38.437504	38.12996	2.4
37.205225	37.547103	2.8
37.026998	37.288831	1.8
37.019625	37.321228	3.1
37.630168	38.066691	3.7
36.724919	37.149797	2.4
37.57644	38.03289	2.5
38.646061	38.197384	2.4
38.393998	38.11556	2.2
36.48151	38.032178	3.2
36.967761	37.199463	2.5
36.960124	37.195939	2.8
36.960213	37.187313	4.5
37.778263	38.104102	2.7
38.016203	38.169971	2.6
36.306669	37.862199	2
36.623771	38.07616	2.9
37.10109	38.103101	2.9
37.008244	37.298995	1.9
37.831413	37.873787	1.9
37.784888	38.082792	3.2
36.921037	37.12714	2.2
38.252051	38.032369	2.8
37.2361	37.529024	2.3
36.990686	38.076912	2.2
36.809302	37.303967	2.1
37.869462	37.849491	1.9
38.52738	38.19932	2.1
38.258927	38.115674	2.8
38.559623	38.21818	2.7
37.05188	37.503418	2.4
37.50332	38.024056	2.8
36.87559	37.313619	3.5
38.319328	38.083598	2.5
36.619336	36.940072	2.8
36.612406	38.076025	4.2
36.925985	37.399858	1.8
38.164661	38.004785	4.1
38.649386	38.255461	2
38.362663	38.117973	2.8
37.001192	37.461536	1.8
36.522087	37.867765	2.7
38.0335	38.1658	2.1
37.776514	38.125041	3.5
38.114612	38.17686	2.7
36.498617	38.058675	3
38.227222	38.280375	3.1
37.588798	38.006523	2.2
36.345581	37.916345	4
36.325053	37.883822	3.1
38.486877	38.128931	1.9
36.661003	37.172713	2.7
36.560775	37.852608	4.2
37.368274	38.065389	3.7
37.79445	38.136995	3.5
38.495707	38.178971	3.2
37.300354	37.58103	2.8
37.428162	38.043909	2.8
38.316748	38.094059	2.3
37.017314	37.293258	2.7
38.3962	38.121948	2
38.450928	38.120166	2.3
38.517725	38.135376	1.5
37.424333	37.68608	2.6
36.653003	38.072013	3.1
38.362366	38.025256	4.1
36.85769	37.384017	1.8
36.596354	36.877275	3
36.772957	37.200439	1.9
36.7026	37.122795	1.8
37.133512	38.057125	3.1
37.80304	37.860315	2.4
37.611405	38.032418	3
37.294088	37.588757	4
36.326567	37.903695	3.1
38.693172	38.233569	2.5
36.86735	37.359774	2.6
38.391931	38.114067	1.3
36.475749	38.001717	3.3
36.380798	37.969849	2.8
36.661414	37.144727	2.9
37.308464	38.14069	3
38.182117	38.020573	2.2
36.552629	38.049325	1.9
37.30909	38.10752	2.8
38.090983	38.229521	2.3
36.365788	37.959033	3.7
38.483956	38.160063	3.2
36.976469	37.223153	3.7
36.441382	36.671517	2.9
36.261434	36.416321	3
37.007137	37.329256	1.5
36.996387	37.309005	2.6
38.623079	38.227352	2.6
36.588826	37.885693	3.6
36.74104	38.068026	3
36.444385	36.665987	4.2
36.745841	38.064478	3.1
36.565719	37.844425	3
36.547595	38.061235	2.9
37.05859	37.52642	1.6
36.530477	38.07183	2.9
36.590572	36.859595	2.7
38.217338	38.259188	2.4
37.224207	38.10356	1.9
38.4026	38.12797	2.3
36.629643	37.880261	3.7
37.835103	38.11674	3.7
37.086637	37.405583	2.5
36.9005	37.393953	1.8
36.720422	38.097852	2.8
38.000285	37.949414	2.2
38.291187	38.136332	2.8
36.636564	38.090812	1.5
37.264209	37.573844	2.1
36.644971	36.929932	2.7
37.06591	37.353841	2.3
36.953882	37.398848	2.2
37.203784	37.461202	2.5
37.774235	38.120097	2.1
36.931307	37.163481	3.1
37.775142	37.877881	2.9
38.528699	38.169173	2.9
37.02821	37.479329	2.5
36.997363	37.43962	1.7
36.481108	36.757218	2.3
36.918465	38.097306	3.7
37.423145	37.71134	2.9
37.389225	38.067802	3.2
37.318571	37.605973	2.4
36.366321	37.945793	3.6
36.810095	37.250175	2
38.103849	38.217688	2.5
36.51298	38.021269	2.8
37.902714	38.166772	2.9
37.701652	37.813	3.4
38.383423	38.115108	2.1
37.859127	37.881421	3
38.1184	38.235148	3.2
38.121684	38.186882	3.7
37.367122	37.537052	2.6
37.138993	37.429456	1.5
37.153674	37.429061	1.9
38.549007	38.198018	1.8
37.173808	37.521875	1.5
37.152816	37.402344	2
37.004171	37.447225	2.9
37.711023	38.060384	2.8
38.502035	38.126888	3.9
36.501501	36.677067	2.5
36.311239	37.871366	2.6
37.679175	37.792212	2.2
36.809888	37.322046	2.6
36.871305	37.374589	2.4
37.251025	37.548181	2.1
36.821041	37.325293	2.6
38.657129	38.190027	2.1
37.841683	38.106128	2.5
37.923238	38.175118	2
37.172717	38.097888	2.8
37.139465	37.494987	2.9
38.506201	38.164616	2
37.993225	38.191081	2.2
37.810506	37.87819	2.7
36.349512	37.920304	2
37.908822	38.162834	2.8
37.195089	38.100529	2.8
36.266182	37.844194	2.3
38.194865	38.015173	2.9
36.583057	38.077047	2.2
36.568335	38.006632	2.4
36.837195	37.252543	2.4
37.787065	37.87819	2.2
36.580713	38.078833	3.4
37.824105	37.82806	2.3
37.138407	37.411092	1.8
37.916833	38.18446	3
36.743359	38.100529	4
37.213204	37.506197	1.8
36.857605	37.269137	2
37.775627	38.064921	2.8
36.301526	37.862846	2.1
36.737036	37.234159	1.7
37.091606	38.097538	2.8
36.728499	37.15422	2.9
37.166191	37.44401	2.8
36.610575	36.943921	2.8
36.651302	37.018477	3.1
36.991077	37.436076	1.8
36.091345	36.255448	3.6
36.963009	38.104309	3.7
38.515552	38.214209	4.2
37.856645	38.138302	2.7
38.450606	38.152197	2.1
36.423466	38.020243	2.7
38.522607	38.161344	1.8
37.573437	38.04644	2.1
38.515125	38.161812	2.2
37.341951	38.033455	2.6
37.25861	37.53691	2.1
37.229781	38.095264	2.7
36.630155	37.108044	2.6
37.299784	37.603658	3
37.08466	37.299329	2.2
37.065491	37.351501	2.6
38.024772	37.929443	2.8
36.284469	37.937439	4.8
37.217692	37.533126	2.7
37.066345	37.316618	2.6
36.326127	37.888969	2.4
36.871261	37.340666	1.6
37.455998	38.093547	2.8
37.083329	37.496065	3.8
37.024841	37.338721	2.9
38.162691	38.005042	2.9
37.025354	37.338464	2.2
36.496338	37.989294	3.6
38.220223	38.268465	2.4
38.585404	38.218327	1.6
36.725098	38.077079	2.1
38.486418	38.150623	2.7
38.173405	38.2894	1.7
37.18656	37.524023	2.5
37.159733	37.404252	1.8
36.987109	37.303723	2.8
38.573702	38.217574	3.5
36.611812	37.902311	2.5
38.593404	38.237113	2.9
38.166964	38.023954	2.4
37.055131	37.30601	1.3
36.597351	38.048975	3.1
37.790971	37.87926	2.1
36.856498	37.282833	1.6
38.702804	38.297677	2.3
36.578609	38.10673	2.6
36.521098	37.982389	2
37.146143	37.461076	2.6
36.79152	37.305457	2.2
36.735343	37.19377	2.1
36.820939	37.314901	2.1
38.047335	38.202433	2.5
38.769808	38.249495	2.1
37.022009	37.333179	1.8
37.418286	38.040031	2
38.636194	38.208211	3.2
36.977869	37.382166	3
38.361499	38.100342	3.3
37.330794	38.049178	3.3
37.207825	37.474862	3.5
38.098108	38.217249	1.7
38.466113	38.15684	1.7
38.251868	38.050346	3.7
38.225977	38.043604	2.5
38.167163	38.243001	3.6
38.131295	38.244047	2.6
37.763114	37.876306	2.3
37.793827	38.108073	2.6
36.030806	36.265955	2.7
36.608927	38.023608	2.9
36.463375	38.051794	2.8
38.096631	38.22419	3.7
36.529419	36.857149	2.8
37.810819	38.084867	3
36.896729	38.094486	3.6
37.79187	38.153133	2.5
36.246415	36.33241	2.8
38.152429	38.006413	2.2
36.37207	37.914689	3.2
37.169649	37.463029	1.6
37.073999	37.290503	2.7
37.461287	38.0566	2.2
36.36825	37.903601	3.9
37.983565	38.206486	3.1
37.064518	37.294063	2.5
38.319592	38.13905	2.1
38.153052	38.01005	3.2
36.701754	37.156547	2.6
38.339832	38.103369	2.7
37.824377	38.118673	2.8
37.079541	37.503023	4
37.484578	38.05658	2.2
37.985864	38.181584	2.7
36.552519	38.078613	2.3
36.968571	37.464038	2.9
38.450098	38.107882	1.4
38.510132	38.131881	2.4
38.149394	38.240356	2.8
37.027332	37.328593	1.9
36.599019	36.891435	2.2
36.983675	37.449784	2.1
36.617822	38.00022	2.9
38.538534	38.219698	3.1
38.200024	38.081014	2.9
38.202055	38.233451	2.6
38.454354	38.116565	2.6
36.627258	37.882117	3.4
36.727266	38.099426	2.8
38.457959	38.159237	2.7
38.157458	38.257084	2.3
37.526969	38.073279	2.4
37.275741	37.558089	1.6
38.158187	38.237476	4.2
37.857487	37.892883	2.4
36.60675	37.928646	3.2
37.111609	37.503186	2.7
38.405221	38.130147	3
38.166549	38.235901	2.4
36.536564	36.814441	2.5
36.957157	37.162744	3
38.332499	38.1151	3.1
38.208415	38.079846	3.3
36.53573	38.151978	2.4
36.920923	37.333126	2.3
37.82867	38.166337	2.7
38.209953	38.086682	4
38.382186	38.105957	2.4
36.922835	37.399036	1.5
38.217533	38.24904	3.1
36.801904	37.161214	2.9
36.469116	38.039575	2.5
37.055863	37.357699	2.2
36.331588	37.956852	2.7
36.576538	38.0245	3.1
36.13763	36.346773	2.7
37.764954	38.159526	3.6
37.076078	38.083032	3
37.424369	38.07725	2.8
36.470654	38.003544	2.8
37.79401	38.139307	3.4
36.981649	37.427563	2
38.240568	38.282715	3.7
36.960482	37.415218	3.3
38.139901	38.258101	2.3
38.225708	38.047453	2.6
38.16779	38.236487	3.8
36.445723	36.663147	2.8
37.788298	38.149801	2.9
38.06827	37.973653	2.6
36.868827	37.369006	3.8
36.862024	37.371273	4
37.557784	38.03138	3.3
36.452669	38.041695	2.8
37.140796	37.51781	3.3
37.460474	38.031571	2.6
37.069393	37.382821	2.3
37.95223	38.180074	2.9
37.444287	38.021692	2.5
37.462435	38.035124	2.9
37.47231	38.014111	4.1
36.957056	38.095483	2.8
37.034757	38.097542	2.8
37.094906	38.093665	2.9
37.092399	38.098348	3
36.609139	38.01755	3.6
37.261877	38.047803	2.5
38.03007	37.94069	2.8
36.752816	38.098661	2.8
37.658455	38.018595	2.8
36.734001	38.077881	2.3
36.789929	37.29458	1.9
36.920268	37.359839	2.2
37.803621	38.165881	2.6
36.455253	38.031588	2.1
37.179443	37.501994	2.4
37.202173	37.503162	1.5
36.573291	38.013338	3.8
38.428499	38.146936	2.4
38.039278	37.954712	2.3
38.451217	38.147257	2.9
38.342737	38.126725	3.5
38.130806	38.237687	5
37.738114	38.114453	3.3
36.423934	38.029582	2.5
37.152197	37.447591	2.2
36.424361	38.024402	2.3
38.657353	38.208219	2.9
38.658818	38.202189	2.7
38.349976	38.104972	2.9
38.403605	38.122847	2.9
36.263814	37.972123	3.6
37.254285	37.552616	2.5
36.975659	37.455485	3
36.870268	37.269373	2.5
36.358346	37.949459	3.7
36.467379	36.689929	2.6
36.926383	37.221488	3
36.574146	38.092822	3.6
36.664762	37.019153	3.2
36.644804	38.045386	2.8
37.20634	37.54071	2.5
37.798926	38.106185	2.8
36.193921	36.268392	2.7
38.209172	38.208459	4.5
37.236243	37.535107	2
36.602604	37.90201	4.6
37.237142	37.522363	3.5
36.410111	37.954362	2.7
36.95662	37.421643	2.8
37.033236	37.343107	3
37.546322	38.035352	3.2
36.49137	38.057943	3.2
37.351412	38.032658	3.2
36.85378	37.31075	2.9
37.657092	38.034945	2.9
36.387797	37.942008	2.4
37.158378	37.521753	2.7
36.633813	37.032971	2.3
37.320251	37.603422	2.6
37.054761	37.478646	2.4
36.501904	38.031177	3.9
36.422664	38.00686	3.1
36.694173	37.204049	2.6
36.685063	37.188798	2.6
37.685205	38.047164	3.1
37.126815	37.408358	1.8
37.75131	37.821704	2.8
37.872249	37.820308	2.8
37.193209	37.51355	2.5
36.498519	38.044267	3.2
36.264384	37.961336	2.9
36.99729	37.411222	2.4
36.545573	38.040043	2.8
36.61377	37.892025	2.7
36.642729	37.911475	2.8
37.204378	37.480701	2.1
36.991219	37.290186	2.3
38.029085	37.93927	2.1
36.672257	37.154948	4.1
37.057731	37.271818	2.4
36.709546	38.134379	3.9
38.00105	38.194226	2.6
38.508049	38.158423	3.4
36.842981	37.257031	4.3
37.64292	38.029065	2.6
37.249886	37.565837	2.2
37.044393	37.47489	2.6
36.99471	37.184155	2.5
37.033944	37.460437	3.2
37.175138	37.514063	2.4
37.1698	37.447892	2
37.267163	38.098637	3.1
36.54587	38.082039	2.7
36.783012	37.194397	2.3
38.179793	37.990629	1.8
36.327893	37.880688	2.8
38.437394	38.138558	2.5
36.905672	37.354049	2.7
36.826225	37.283472	1.5
38.094922	38.222872	3.8
37.00966	37.298442	1.8
37.029765	37.352767	1.8
36.635181	36.932833	2.8
38.408378	38.13125	2.5
36.484477	38.006836	3.7
38.067725	38.261812	3
36.588538	38.045789	2.7
36.523759	37.905872	2.6
36.935974	38.093038	3.4
36.41401	36.660657	3.1
37.815975	37.876953	2.1
37.066077	37.359188	3.6
36.589974	37.985693	3.2
37.009338	37.332467	2.4
38.041195	38.180542	2.9
36.809892	37.31984	2.1
36.556559	37.88785	2.1
38.595276	38.287569	3.1
36.551636	38.090499	4.1
38.592509	38.20533	3.4
37.037447	37.327852	2.3
37.846794	38.123352	2.5
37.633813	37.755668	2.2
37.049483	37.354301	3
37.001737	37.448047	2.5
36.560954	36.831112	2.9
36.962488	37.408081	2.5
37.954757	37.930151	3.4
37.291606	37.586247	2.5
37.89329	37.904041	2.6
38.186991	38.024646	3.7
37.211389	37.532556	2.8
36.503255	38.040035	2.3
37.110205	37.4922	2.4
36.634843	38.077409	3
36.93573	37.236731	2.6
38.328337	38.075269	3
37.766215	38.092875	2.2
36.575387	38.042725	3.6
36.833285	37.325028	3.2
36.832402	37.328495	2.6
36.996033	37.439742	3.1
36.939563	37.375008	2.1
37.081201	37.360364	2.2
37.025346	37.328015	3.9
36.942778	37.376701	3.2
38.094645	38.215881	2.4
37.021318	37.330623	1.7
37.714461	38.036112	2.8
36.764042	37.204862	2
37.620703	38.040877	2.6
36.856462	37.266667	3.6
37.026644	37.27314	2
37.820719	38.160958	3.8
38.50201	38.210099	1.9
36.607829	38.078979	3.3
38.585795	38.197144	2.8
37.454834	38.085779	2.9
36.691553	37.172274	3
36.728153	38.110933	3.5
38.646025	38.195821	3.8
37.830371	38.168754	4.2
37.169409	37.47465	2.7
36.437777	38.021061	3.8
36.4238	36.706531	3
37.759782	37.891996	2.7
37.848128	38.139791	3
37.286292	37.590645	1.9
36.791166	38.100659	3.1
38.156368	38.005697	3
37.740116	37.813708	2.9
36.589616	36.907031	3.6
37.351624	37.611316	3.6
37.085913	37.321476	2.8
38.127185	38.239958	3.7
37.640759	38.063407	2.7
36.654187	37.026554	2.3
36.993388	37.304537	3.8
37.838534	38.151029	3.9
36.983407	37.325212	1.9
36.761922	37.996932	2.6
37.08621	37.359753	1.7
38.211755	38.223661	2.5
38.244442	38.058647	2.8
38.235352	38.284428	3.1
37.014856	37.28866	2.6
36.609302	37.886747	2.6
37.176359	37.421212	2.4
38.218087	38.054301	2.8
36.484176	38.024662	3.2
37.7276	38.058923	4
36.599288	38.062488	2.1
37.156038	37.521696	2.2
36.582841	38.042444	3.4
37.17052	37.449174	2.4
36.542957	38.070064	2.5
37.702364	38.069149	3.2
37.317371	37.606222	3.4
37.446	38.03481	2.7
36.930493	37.392814	2.1
37.719234	38.069527	3.9
37.495365	38.014803	3.5
36.884212	37.326355	2.6
36.864795	37.27227	4.2
36.547538	38.022469	3.5
36.550505	37.841597	3.9
37.802002	37.866809	3.6
36.990857	37.456608	2.1
37.057263	37.356002	2
37.754842	38.115299	2.7
36.838802	37.25638	2.6
38.358362	38.140735	2.9
38.48149	38.175716	3.1
38.100264	37.979435	2
38.570679	38.166357	4.5
36.618481	37.882788	3.3
37.224365	37.518213	2.3
37.890963	38.164905	3
36.897648	37.358301	3.4
35.934635	36.06248	3.6
37.50826	38.039779	2.8
38.157768	38.230408	2.9
36.570512	36.887935	2.9
36.8295	38.113155	2.5
36.5802	37.853817	3.6
37.80568	37.872066	3.4
38.010156	37.928756	2.2
38.472481	38.160579	2.4
36.454578	38.044617	2.5
38.121956	38.172514	2.6
36.933622	37.232568	2.8
36.318888	37.871737	3.2
36.202165	36.382491	2.8
36.950134	37.259611	2.1
37.114591	37.412516	1.9
38.139945	38.010449	2.3
37.034635	38.199076	2.9
36.481201	38.031108	2.5
37.183919	37.468306	2.2
36.469259	38.042175	3.9
37.636165	38.044849	3.2
36.591646	38.003267	4.1
36.642688	38.083317	3.3
37.101693	37.389404	1.6
38.583773	38.229175	2.4
36.673271	37.075887	4.9
38.497461	38.233366	1.5
37.798486	38.150151	3.7
36.590092	36.948214	3.6
38.536922	38.178638	3.9
37.857361	38.114653	3.8
38.378817	38.108394	3.1
36.611214	38.068502	3.1
37.022803	37.323914	2.9
37.622445	38.018555	4.2
37.618518	38.029317	4.2
38.495569	38.173792	2.7
37.607349	38.110356	4
37.642004	38.012097	3.2
37.941479	37.80188	3.2
36.366801	37.964124	3.1
36.622925	38.08103	3.7
38.507662	38.167883	4.4
38.399264	38.114925	2.3
38.592513	38.238753	3
37.508223	38.021318	3.2
36.510343	38.062081	2.9
36.601538	38.079671	3.7
38.202625	38.266394	4.1
36.543644	37.81908	2.9
36.43621	38.007422	4
37.297791	37.561995	3.3
36.40922	37.964661	3
38.151571	37.998816	3.7
38.438277	38.132902	4.1
37.693962	37.826355	3.3
36.85743	37.341069	2.1
36.852043	37.358789	1.3
38.641003	38.178406	2.4
38.126294	37.98866	2.5
36.362594	37.960872	4.2
36.685266	37.149646	3.1
37.83855	37.805957	2.8
36.375484	37.967847	2.6
38.47773	38.136971	3.9
36.454911	38.026343	3.4
36.621936	37.888204	3.3
36.891532	37.378857	2.9
38.119291	38.230701	3.3
36.954346	37.183012	3
36.430204	36.698197	3.9
36.991215	37.292354	2.9
38.213485	38.265796	3
36.484534	38.049113	2.3
36.728532	37.207865	3
37.177677	38.111287	3.1
36.984379	37.282458	2
37.250171	38.093892	2.8
36.944584	37.169869	3.5
36.609477	38.007747	3.3
37.608565	38.042696	2.9
38.118127	38.210567	2.5
37.125057	37.514063	3.1
35.972925	36.390023	3.1
37.169189	37.44484	3.2
38.118469	38.220715	2.8
37.815491	38.076587	2.5
36.752323	38.040438	2.9
36.88195	37.37325	3.1
36.576013	38.013676	3.7
37.806165	38.132894	2.9
36.590181	38.041577	3.6
36.583988	36.884119	2.5
37.689425	37.970565	4.5
37.493184	38.041903	3.1
36.499658	38.041235	3.5
37.575732	37.970439	3.3
37.862191	38.148173	3.5
36.19648	36.383032	3
36.291296	36.43527	3.2
38.193429	38.23645	2.3
36.618994	37.879806	3.2
36.461454	38.042936	3.4
37.1637	37.467554	3.3
38.531079	38.23088	3.2
36.783643	37.225667	3.1
36.961739	37.168115	3.2
37.290641	38.073442	3
36.44998	36.718632	3.7
36.534196	38.054622	3
36.581714	37.870846	2.8
35.957666	36.341081	3.1
36.469027	38.035645	3.4
36.638318	38.015222	3.3
36.854504	37.272888	3.4
36.936975	37.441166	2.2
38.442135	38.128076	2.6
37.252433	37.534721	2.6
38.160677	37.991406	2.4
36.438354	38.026388	3
36.518339	38.090466	2.7
38.157206	38.307625	4.1
36.960535	37.210449	2.8
38.472538	38.161316	3.3
36.43599	36.740214	3.1
37.936064	38.205062	3.1
38.408329	38.126522	2.9
37.71405	37.717232	3.2
36.432886	38.002779	3.3
36.843901	37.251392	3.7
36.315845	37.891142	2.4
36.625924	36.948181	2.9
38.597758	38.262406	2.8
37.255684	37.55498	3.5
37.929	38.184908	3.3
36.641781	37.060059	3.3
36.25317	37.85789	2.5
37.66602	38.055127	3.6
36.778861	37.211934	3.4
36.598315	38.016439	3.2
37.164657	37.512109	3.4
36.853703	37.386991	3.2
36.686764	37.108797	2.5
36.131746	36.361739	4.1
37.261532	38.0948	2.8
36.63136	37.877474	3
38.387683	38.10481	2.6
37.757308	38.130575	2.8
38.091785	37.95461	3.1
38.181974	38.006303	3.2
37.222095	38.09152	3.5
37.153137	37.515841	3.9
36.992741	37.345939	2.8
36.575342	37.867098	2.8
36.419092	37.94644	2
38.078137	37.971431	3.2
37.241052	37.540283	2.9
38.080603	37.983854	2.8
37.7755	37.850932	3.2
36.661601	37.892525	3
37.224369	38.105782	3.2
36.717342	37.139335	3.6
37.209082	38.101493	4.2
36.694189	37.167041	2.4
36.332247	37.895532	2.8
36.427572	37.986422	2.8
36.58938	37.848234	3.1
37.453585	37.726685	2.8
37.278617	37.584835	3.1
36.539388	38.041549	2.9
36.564555	37.906523	2.5
36.811072	37.295532	2
36.626945	37.886226	3.5
38.565474	38.168986	3.1
36.695284	37.159619	2.1
36.410836	38.031193	2.4
37.093046	37.352572	3.3
36.679333	37.146619	3.7
36.716203	37.140759	3
37.07443	37.501335	3.9
36.65483	37.007524	3.2
37.012834	37.282345	2.7
37.037809	37.317708	2.3
36.959021	37.413778	1.9
36.56226	36.856266	2.9
37.026009	37.458158	2.3
36.967008	38.083439	4.2
37.157975	37.417338	1.2
36.866463	37.345687	3.4
38.498503	38.173556	4.3
36.649353	37.86744	3.3
36.677917	37.146403	2.3
36.606498	38.067139	4.2
37.435571	38.035197	5
36.584851	37.996769	3
37.619893	37.988505	3.7
38.192456	38.115552	4
36.502519	38.028805	2.6
37.197355	37.501025	3.1
37.096737	37.377861	2.1
37.135258	37.406197	2.6
36.954736	37.172746	3
37.771525	38.108337	3.4
36.659192	38.066276	4
37.067908	37.370638	1.8
38.179342	38.008716	3.8
36.581169	38.052629	3.1
36.569792	38.043416	3.3
36.597725	38.057768	3.3
37.578752	38.027519	3.1
36.978735	37.455924	2.2
37.055615	37.358122	2.7
36.873686	37.369409	2.3
37.05826	37.356921	3
37.269328	37.565055	3.3
36.62369	38.085189	3.4
38.147742	37.985905	3.3
38.128385	38.240023	2.2
37.740116	38.23796	2.5
37.357845	37.532528	3.5
37.972424	37.846057	1.7
37.061466	37.373348	2
36.622266	38.091256	3.6
37.773641	37.842631	2.1
36.942916	37.170536	2.1
38.458805	38.153341	3.5
37.807389	38.124341	3.2
37.647876	38.033089	4.8
37.075932	37.363159	2.7
37.668274	38.034204	3.4
36.947367	37.413806	2.6
37.654232	38.031722	5.3
36.574613	38.075378	3.3
37.867867	38.185189	4.3
36.296212	37.951347	2.9
36.094344	36.189067	3.1
36.810315	37.304928	2.2
36.698124	37.142228	2.2
36.967708	37.201811	4.5
36.47076	38.027376	3.2
37.801078	38.164311	2.8
36.575419	38.039319	2.6
36.575411	38.020142	2.9
36.80813	37.296265	2.1
37.032642	37.469486	2.5
36.444771	38.042029	2.8
37.197078	38.084082	2.8
38.453316	38.127905	2.6
36.444478	38.023218	4.2
37.291174	37.59692	2.4
38.30992	38.113904	3.2
37.175077	37.470642	3.5
37.159766	37.415499	3.1
38.196887	38.078507	2.7
36.403373	37.983582	2.2
36.601054	37.897542	3.5
36.489461	38.035482	2.3
36.423446	36.629451	4
36.62926	38.069307	2.7
37.675085	37.824296	3.6
37.815739	38.088745	2.9
36.655868	36.935999	3
37.234151	37.542936	3
36.500163	38.036422	2.7
36.623088	37.888611	3.4
36.483175	38.002197	3.5
37.197913	37.493453	2.6
36.950541	37.166484	2.8
36.952087	37.172241	3.2
37.007178	37.45483	1.5
36.536491	37.93044	3.6
37.036922	37.494604	3.2
37.646757	37.710575	2.5
37.22419	38.105396	3.5
36.479598	38.030103	5.1
37.166996	37.515519	3.1
36.964355	38.114945	3.1
36.174207	36.353438	4
36.947616	37.204667	2.7
36.471212	36.688354	4
37.272192	37.580322	4
37.539673	38.03184	3.5
37.697904	37.96276	2.9
37.361357	38.230583	3.7
38.260742	38.286719	2.7
37.175793	37.488603	3
38.627271	38.129386	2.5
36.600199	36.890776	3.4
37.128255	37.40011	2.4
38.37642	38.140662	3.1
37.044971	38.031055	2.5
37.237252	38.10614	3
37.209949	38.097611	2.9
38.085201	38.225	2.8
37.088586	37.353512	1.7
36.543689	38.058472	3.2
36.400187	37.938033	2.2
36.523181	36.844234	3.2
37.114412	37.426233	2
37.712541	37.817257	2.5
38.299703	38.121973	4.3
38.166394	38.036759	3.1
38.108712	37.983207	3.5
37.881238	38.107385	3.2
36.651587	37.90966	2.9
36.859322	37.347974	3.1
36.725334	38.082483	4.5
36.735527	37.188192	2.8
37.160433	37.421187	1.7
36.421423	38.008134	2.5
36.738383	37.154476	2.8
36.943136	37.172209	3.2
36.816911	37.321822	3.3
37.107926	37.497323	2.7
37.185087	37.465076	2.4
37.165157	37.480843	2.2
36.827763	38.107475	3.1
38.167196	38.163818	2.5
36.876986	37.242428	2.5
37.480286	38.034615	3.9
36.598918	38.032324	3.5
37.656722	38.006482	3.3
37.027604	37.324154	1.7
38.382426	38.134224	3.4
36.253548	37.918502	2.7
36.599084	38.098621	2.6
36.957536	37.432304	2.4
37.061528	37.508272	2.3
38.76733	38.28206	2.7
37.048116	37.480717	2.3
38.483586	38.146623	4
37.676595	38.018844	4
37.168852	37.521969	4
36.325277	36.476562	2.8
36.9821	37.418575	3.8
37.118168	37.393335	3.5
37.111633	37.384082	3.7
36.579586	38.061926	4
36.678357	37.169796	4.1
36.673519	37.173385	3.6
37.065043	37.359762	2.7
38.1224	38.237337	3
37.708899	37.820992	3.1
38.321297	38.131893	2.1
36.897892	37.355924	3.1
37.048608	37.462288	2.9
37.562703	38.03243	3.8
37.8545	38.127482	2.8
38.018327	37.952543	4.3
36.64845	37.855835	2.8
36.069031	36.182987	3.3
37.166736	37.436837	2.3
36.755802	37.23927	3.8
37.21425	37.519271	2.2
36.559131	38.102572	2.7
36.862712	37.065601	2.8
36.814742	38.096598	3.5
36.493929	38.035494	3.6
36.828625	37.217696	3.7
36.757153	38.083301	2.7
36.415723	38.097709	3.8
36.971415	38.14696	3
36.952389	38.145093	3
38.467204	38.125464	1.5
36.944621	37.391158	1.3
37.135201	37.452633	1.7
36.857914	37.069584	3.4
36.733053	37.21842	2.1
36.592944	36.904879	3.7
38.409428	38.12238	3
38.393608	38.118302	2.7
36.984375	37.240918	1.9
37.613774	38.020874	3.8
37.80083	38.154618	2.5
36.901554	37.379671	2.7
37.158191	37.413643	1.7
36.988814	38.173258	3.9
38.476253	38.098287	3.5
36.986007	37.149418	2.2
36.328988	37.98245	2.7
37.660624	38.041056	3.9
36.494706	38.045976	3.5
37.019808	37.347725	2.1
36.599597	38.068376	2.6
37.21862	37.524007	2.7
37.153459	37.446289	2.9
36.688639	37.153564	2.4
38.025004	38.210323	3.7
37.540222	38.044881	3
37.750423	37.871761	3.4
36.485376	36.68092	3.8
38.40411	38.132467	3.1
36.610734	36.887439	2.9
36.626583	38.132393	3.9
36.858923	37.044735	2.5
36.814396	37.311882	3.3
37.06923	37.379301	2.9
36.660181	37.173169	3.7
36.822925	37.312655	2.6
36.546749	38.072693	3.9
36.468347	38.020626	4
37.779586	38.11121	3.7
36.499874	38.04965	3.1
36.589433	37.900244	3.1
36.599561	37.905872	3.4
36.466207	38.03394	3.7
35.984578	36.342867	3.5
36.957092	37.17959	3.8
36.569942	38.062585	3.3
36.525688	38.028308	4
36.996916	37.400317	3.4
36.432609	38.016195	3.8
37.180648	37.536796	2.5
37.534591	38.033358	3
37.638639	38.081657	3.6
37.010291	37.310111	3.6
37.326969	37.599963	2.6
36.612691	38.068461	3.5
37.039945	37.325472	2.7
37.069694	37.351546	2.1
37.634082	38.008337	3.7
37.497746	37.98127	5
38.517232	38.15896	3.7
36.962378	37.229785	2.8
36.68527	37.131014	2.7
36.968608	37.190226	2.8
36.84751	37.366659	2.2
37.221366	37.525745	4
36.621549	37.852909	4.2
36.917224	37.393441	2.2
36.845532	37.317456	2.3
36.60203	38.000586	3.6
36.625094	37.873661	3.4
37.115051	37.400663	3.4
36.887728	37.391248	3.2
37.788737	38.125391	3.2
36.569755	38.031091	3.7
37.252006	37.55448	3.8
37.047957	38.10295	3.6
35.994454	36.35861	2.7
38.220378	38.270076	3.4
36.622725	37.855265	3.5
36.635942	38.077035	4.1
37.933146	37.922974	3
37.215336	38.099939	3.9
36.764868	37.131531	2.3
37.865023	38.138863	2.8
36.643518	37.167171	2.6
38.094043	38.220052	2.4
38.126652	38.231864	3.1
36.26119	36.409851	3.6
36.426217	37.992615	2.8
36.360388	36.510771	2.7
36.84871	37.381917	2.1
37.068555	37.371838	2.6
37.829529	38.112349	3.4
37.176392	37.4606	3.4
38.089933	38.247575	3
36.624402	38.079325	3.9
38.570654	38.200496	2.9
37.816854	38.129521	3.8
38.536426	38.220211	2.8
36.89574	38.104635	4.3
36.964705	37.400757	2.7
36.938924	37.207678	2.6
38.578931	38.190063	2.3
36.480762	36.720032	3.1
37.910022	38.175033	3.6
37.695695	37.770797	2.7
37.011837	37.327718	2.6
36.534204	38.031274	2.9
38.259892	38.073767	3.9
36.609998	38.078927	5
36.42828	37.975338	3.8
37.013924	37.451624	1.8
36.460107	38.035946	2.6
36.437423	37.994857	4.2
36.842367	38.095414	4
36.954024	37.175102	3.1
37.657878	38.045829	4
36.709578	37.164701	3.2
36.719731	37.148071	2.9
36.429838	38.092521	3.6
38.39471	38.101668	3.3
38.550289	38.180444	2.9
36.462557	38.005737	2.7
38.096126	37.982463	2.5
38.428227	38.10837	3.5
38.36862	38.123914	2.9
36.941536	38.11143	3.2
36.956832	37.438741	2.6
37.247721	37.531645	2.8
36.574642	38.04281	4.1
36.86724	37.34235	2.7
37.02004	37.321025	3.4
37.806059	37.854586	3.3
36.6007	37.909542	3.7
37.322998	38.195874	4.3
37.154862	37.509294	3.1
37.318103	37.591899	3.5
37.239941	38.095487	4
37.24163	37.534387	2.5
36.932808	37.395736	2.9
36.692668	38.090918	2.8
37.924833	37.900289	2.9
36.520268	37.993677	3.9
36.584774	37.978455	3.4
38.21427	38.22509	2.8
37.413798	38.044918	4.1
36.419893	37.992582	3.9
36.39375	37.971993	4.7
36.421781	37.97959	5.2
38.49244	38.170964	3.8
36.721297	37.107731	4.2
37.043526	37.356144	4.9
36.63809	37.8788	3.4
36.997937	37.442989	3
37.936336	38.21615	3.8
36.48112	38.070886	3.2
37.173112	38.103642	3.4
36.517912	38.043722	2.4
36.492904	38.037541	2.6
36.604557	37.913883	3
36.98241	38.07465	3.1
37.852498	37.897909	2
37.81838	37.884965	3.1
38.258382	38.074744	3
36.511442	38.035962	2.8
38.03033	38.21217	3.7
37.541813	37.753402	3.2
36.565792	38.014111	3.7
36.574972	38.045402	4.2
36.605676	38.0856	2.8
37.444491	38.048381	3.5
36.572139	38.065002	2.7
38.635909	38.240031	3.5
37.206954	37.43693	2.9
36.906921	37.390865	1.5
36.535771	38.012463	3.7
36.56884	38.108464	4.1
36.595321	38.061507	3.1
37.698185	37.817692	2.4
38.397335	38.117118	3.7
37.120675	37.371781	2.9
36.556742	36.841996	3.1
36.987663	37.432601	3.2
36.580884	38.053426	3.8
37.886646	38.23068	3.9
37.149369	37.471472	3.6
36.577148	38.091911	3.2
38.241284	38.106409	3.1
36.936178	37.176078	3.5
37.553605	38.434216	2.4
37.818018	38.096692	2.9
37.459497	38.116536	3.4
38.18112	38.257491	4.5
36.928935	37.153735	3.2
36.677454	37.158891	2.1
35.992183	36.252311	3.5
37.298531	38.11228	3.5
37.799862	38.128569	2.9
37.476803	38.041732	3.8
36.41248	37.944548	3
36.711491	37.128613	3.1
37.159676	37.477563	2.7
37.278451	37.551021	3.8
36.829126	37.253634	3.1
37.6474	38.02098	3.1
37.683813	38.055371	2.7
37.255774	37.600049	2.7
36.448075	36.680408	3.1
36.620072	37.894718	3.3
36.938216	37.316496	3.3
37.123356	37.48359	3
37.921924	37.926001	3.3
37.187451	37.51665	3.3
36.543608	37.980294	3
37.291589	37.595927	2.6
37.54257	38.043115	4
36.642395	37.88973	4.4
37.910775	37.91945	3.4
37.722677	37.794539	2.9
37.495353	38.020219	3.2
36.558476	38.078666	3.3
36.63479	37.886971	3.3
36.875073	37.33221	2.1
36.545903	38.039868	3.9
36.558765	38.03057	4.1
36.955522	37.173873	2.5
37.041085	37.466134	2
36.980745	37.253841	2.8
37.280318	37.569084	3.4
37.072245	37.348319	2.4
38.492733	38.144934	5.1
37.03092	37.230998	2.6
38.507121	38.135795	3.9
38.501896	38.133337	3.2
37.81154	38.293746	2.9
36.960905	37.178052	3.4
37.187944	37.495288	4.1
37.257788	38.059517	3.7
38.141435	38.247583	3.5
36.576827	38.020199	3.7
37.693644	37.795549	3.3
36.417204	38.100146	3.9
38.126379	38.23374	3.4
37.526611	38.018591	3.2
37.846891	37.852466	3.4
36.728857	37.120886	3.7
37.150407	37.452987	3.5
36.551624	36.841886	3.4
36.88728	37.390479	3.8
37.826367	38.138814	2.8
37.698181	38.067542	2.8
37.031974	37.326058	3.1
38.54211	38.179899	2.6
36.926607	37.355957	2.9
36.624154	37.985718	3.9
37.24078	38.031169	3.4
38.557068	38.198612	4
37.561841	38.025623	4.5
37.558142	38.03149	3.5
37.575057	38.018355	3.7
37.195589	38.098059	3.5
38.323092	38.08422	2.1
38.376595	38.120923	3.2
36.968351	37.405058	3.1
38.560583	38.218823	2.9
36.914746	38.13359	3.4
36.551705	36.94716	3.8
36.633057	36.977901	3.2
38.566394	38.182035	2.7
37.747978	38.135482	4.3
38.569169	38.196273	3.4
38.058952	38.186397	2.9
38.56665	38.153328	5.3
36.555009	38.040137	2.4
36.606152	36.931047	3.1
37.107747	37.498132	2.5
36.769694	37.151001	3.4
36.482218	38.042863	4.6
38.407499	38.115287	2.1
37.961613	37.919967	3.1
37.640377	38.020007	3.1
36.868148	37.344238	4
36.510486	38.029679	3.6
37.486633	38.037801	2.9
38.181759	38.224658	4
37.272314	37.564921	1.8
37.636401	38.031698	4.2
37.708459	38.031185	3.3
38.121305	38.010368	3
38.295125	38.07207	2.6
38.138647	38.037048	3.6
36.923116	37.160612	2.6
36.945736	37.187512	3.3
36.494141	37.986743	3.1
37.157031	37.510356	2.8
38.19707	38.009786	2
37.828935	38.190023	2.8
36.944523	37.194307	2.7
36.197677	36.388741	4.6
38.441195	38.137716	3.7
37.031156	37.333879	2.7
36.584684	38.099996	2.4
36.5797	36.867188	3.2
36.564242	38.062488	2.7
36.151904	36.262817	3.4
37.492216	38.040613	3.4
37.453385	37.785714	3.3
36.422461	36.621916	2.9
37.337101	37.590833	2.7
36.567188	36.88468	4.5
36.536316	38.051554	2.6
36.547078	38.004907	3.1
36.991134	38.12266	3.4
37.62675	38.012162	4.2
38.468901	38.166305	3.4
37.125114	37.434501	4.2
37.263619	37.560225	4.4
38.180611	38.106877	4.3
37.879891	38.190479	3.6
36.566728	38.05002	2.5
37.154586	37.448694	3.3
38.45533	38.137439	2.5
37.679041	37.809875	4.4
37.523173	38.091264	4
37.318176	37.586776	3.4
37.296383	37.612809	4.6
37.668665	37.830668	5.3
37.608732	38.006954	5
36.630192	38.049731	2.9
37.80898	38.114742	3.5
37.496517	38.034774	3.2
37.051204	37.313749	4.3
37.044954	37.312618	4.5
38.191679	38.249353	3.3
38.045414	38.178821	4.2
36.61816	38.052649	4.8
35.99458	36.079138	4.8
37.86757	38.166357	3.9
37.030001	37.307475	1.6
36.901957	38.114791	4.3
37.66807	38.050932	2.7
37.532288	38.045699	3.8
36.432931	36.654293	3.8
37.106718	37.39338	1.3
36.56156	38.019132	3.6
38.183781	38.236662	3.2
37.668868	37.821928	4
36.63125	36.917362	3.6
37.240263	37.572176	3.1
37.041374	37.34078	2.2
37.858883	38.138066	3.3
37.986959	38.181156	3.5
38.040409	37.974622	3.9
36.605831	38.083105	3
37.195463	37.418644	3.9
37.863416	37.861332	2.7
36.576652	38.034143	2.9
37.013627	37.394527	4.4
36.800362	38.094076	4.2
37.793953	38.150468	3.4
38.080859	38.216007	3.4
36.443001	38.027482	3.6
36.56132	37.839421	3.5
38.368811	38.119576	3.3
37.545418	38.039042	3.7
38.507332	38.157495	3.9
38.045268	38.201648	2.8
37.885771	37.877568	3.5
37.055839	37.367183	2.7
36.58162	36.896863	3.7
36.599284	38.117554	3.9
38.483919	38.15009	3.7
36.562056	38.03538	3.7
37.766109	37.878202	1.8
37.147644	37.516386	4.1
36.668498	38.132983	3.9
36.568656	38.043119	4
36.583374	37.87098	4.1
36.59493	38.108915	3.3
36.605721	38.067464	3.7
36.579399	38.066785	4
37.810055	37.869918	3.5
36.865243	37.270028	3.1
36.860197	37.274927	3
37.190137	37.479305	4
37.532141	38.021151	3.9
37.192871	38.093213	3.7
36.61755	38.062069	4.5
37.788501	38.079073	3.3
36.528825	38.03641	3.5
37.487712	38.044845	4.1
37.076831	38.080282	3.5
37.628682	38.066357	3.3
37.800277	38.137341	3.5
38.167497	38.252844	3.3
36.903634	37.342537	3.4
36.627209	37.955542	4
36.467944	38.027437	3.7
37.305648	37.592948	3.7
36.54799	38.020557	4.1
38.495972	38.176558	3.5
37.635502	38.030937	3.6
37.16853	37.492619	3.2
37.484196	38.022286	3.8
36.548645	38.065828	4.4
37.509969	38.026176	4.3
36.457613	38.031799	3.2
37.38634	38.037646	3.7
38.144503	38.289494	4.5
36.877466	38.106051	4.2
37.802885	37.867159	4
37.205123	37.503414	4
37.244946	38.10627	3.7
36.604814	38.045044	4
36.367	38.044222	2.1
35.930155	36.053654	3.6
37.463896	38.078491	3.4
37.561161	38.005029	3.3
36.565861	37.975228	2.4
37.051855	38.070361	5
37.165853	37.483118	3.8
37.055717	37.371883	3.6
37.181169	37.492428	4
36.465552	36.722526	4.7
36.466227	36.721541	4.5
37.219572	37.527901	3.3
36.367611	37.929301	4.2
36.440731	38.010315	4.4
36.456323	38.006498	4.8
38.225317	38.223551	4.9
37.107039	37.405143	3
37.120593	37.458858	3
36.562268	37.9797	4.9
38.104651	38.290002	5.2
36.630404	38.068368	2.8
37.033057	37.320312	5.5
38.182434	38.225972	3.1
38.150114	38.001681	3.6
36.881002	37.247428	3.7
38.024117	37.957231	2.4
36.428471	38.018884	4.1
37.265495	37.590784	3.1
35.956315	36.117318	3.7
36.473686	38.014058	4.5
37.964347	38.190108	3.7
37.695109	38.052608	4.1
37.706087	38.058537	3.8
36.431559	38.045931	4.8
36.59106	37.888615	3.8
36.602051	37.901664	4
38.022156	37.97255	3.3
36.613354	38.064746	4.4
36.605835	37.980542	4
37.25461	37.547062	2.2
38.409635	38.152726	3.8
37.815007	38.115674	4
38.444576	38.139775	3.2
38.190499	38.097013	4.5
37.146647	37.524528	4.5
36.980119	37.182886	3.3
38.262773	38.034517	2.9
38.44397	38.137199	3.1
36.612093	37.877539	4.1
36.468306	38.019206	4.3
36.450598	38.029871	3.4
37.485555	38.060173	4.2
36.484192	38.033411	4
38.152767	38.017163	3.2
38.189351	38.000875	3.7
38.160868	38.015466	4
36.952161	37.441484	4
38.196509	38.228809	4.1
36.463717	38.021338	3.5
38.213847	38.010067	4
38.063859	38.248877	2.4
36.55752	38.039396	3.7
38.487496	38.169869	4
37.77712	38.099015	3.9
36.482288	38.029297	4.7
36.487272	38.037056	5.2
36.586617	38.150175	4.4
36.975305	37.446505	3.7
37.834762	38.186646	4.4
37.84443	37.877946	3.4
37.79987	38.147396	3
36.585238	38.106217	4.7
36.476945	38.08335	4.3
36.480591	38.034574	3.9
37.522095	38.152169	4.4
36.799015	38.103752	4
37.41803	38.048877	4.4
36.597815	38.039754	4
37.579806	38.024268	4
36.488057	38.018652	4.5
36.469368	38.008382	5.1
36.602478	38.057251	2.4
36.45387	38.062561	4.7
36.449373	38.041488	4.2
36.491504	38.078438	4.3
36.867415	37.342851	3.9
37.221244	38.112	3.8
38.161711	38.22784	4.1
36.58809	38.107499	3.4
37.067277	37.347314	3.5
36.616178	37.949345	3.9
36.525956	38.064046	2.7
36.62345	37.927026	4.7
38.129659	38.004215	3.2
38.032463	38.195524	3
37.104578	37.43457	2.8
36.557446	38.036572	3.9
36.70634	37.1071	3.6
36.626147	38.020455	4
36.512638	38.075972	3.5
37.875741	38.166736	4.1
36.623698	36.957633	4.1
37.905037	38.049174	3.9
38.285571	38.122428	2
36.558911	36.857471	4.7
37.207613	37.521338	4
38.172481	38.233655	4.1
37.507052	38.036108	4.1
37.461072	38.030123	4.7
38.579036	38.208325	2
37.733671	38.095109	4.2
36.565043	38.070919	4.2
36.942912	37.185299	3.5
37.576485	38.037642	5.1
37.66215	38.051925	5.3
37.615641	38.041146	4.5
36.629891	37.877234	2.8
36.60472	38.075293	5.2
38.200639	38.009611	4.5
37.494161	38.031449	4.4
38.146257	38.311259	4.3
36.590702	37.972685	4
36.601583	38.037553	4.2
36.981755	38.187952	4.4
36.564421	37.817562	3.5
38.208085	38.218766	4.3
38.198287	38.244706	4.7
38.178292	37.977559	4
36.454867	38.025822	4.5
38.304826	38.093852	3.9
36.496928	38.060388	5.9
37.692013	38.029464	4.8
36.623519	37.998714	4.4
36.578918	38.036654	4.2
37.808028	38.13079	2.2
36.542017	38.033508	4.8
37.512402	38.028198	4.5
37.750745	38.054598	4
38.032332	38.226733	4.4
38.207666	38.086003	4.4
37.406681	38.033024	4
37.197624	37.524373	1.9
37.874601	38.185742	4.3
36.569539	38.070553	4.9
36.494942	38.030278	4.3
36.502108	38.033244	4.4
38.139242	38.294194	5.7
36.587891	37.989233	4.8
38.028296	38.216479	4.5
36.469137	38.028381	4.4
36.103931	36.331018	3.7
37.908407	38.168205	5.6
37.416085	38.001286	4.9
37.238489	38.093958	5.5
37.238599	38.099939	7.6
37.307699	37.563232	3.6
38.34637	38.115308	4.3
36.426111	36.629268	3.7
36.585152	37.93645	2.5
36.958667	37.132703	3.9
38.653723	38.290625	3.9
36.887903	37.262708	4.7
38.39106	38.106429	3.6
36.894055	37.374817	3.4
37.680526	37.815694	3.5
36.694727	37.116357	3.2
36.793388	37.26709	3.4
36.440129	36.660465	3.6
38.269198	38.067501	4.5
37.148401	37.412956	3.4
37.140625	37.419222	4
38.389632	38.140137	3.5
38.256991	38.098063	3.8
37.160901	37.454403	3.4
36.958541	37.267822	3.8
37.982096	37.923385	4.5
36.95686	37.2356	1.7
38.138037	38.003682	3.5
37.961784	37.932361	4.2
37.055623	37.35269	3.9
38.199593	38.269027	2
37.054293	37.420011	3.6
38.171997	38.016821	3.6
37.110116	37.426485	4.1
38.156836	38.154468	3.7
37.160478	37.440995	4.2
37.164628	37.515145	4
37.997852	37.963904	3.8
36.548092	37.829138	2.7
36.442753	36.65616	4.4
37.165238	37.505082	4
38.611861	38.233915	3
37.181848	37.524508	4.2
38.182727	38.020813	3.3
37.39176	37.848169	4.1
38.278825	38.093172	3.1
36.540039	36.810864	4.2
37.008447	37.311698	3.5
38.480961	38.147351	2.3
38.419287	38.152645	3.7
36.992537	37.306396	3.6
37.982239	37.966577	3.7
37.023466	37.296729	4.7
38.625236	38.225867	2.5
38.467244	38.141451	3.3
38.366756	38.139148	3.8
37.209762	37.518827	2.6
37.206954	37.484147	2.5
36.678625	37.083927	3.3
38.418949	38.100806	4.4
37.922176	37.906344	2
37.94823	37.942342	3.4
36.72703	37.174447	4
36.24683	36.413167	4.5
38.168213	37.992969	4.2
36.184875	36.364905	4.5
38.309672	38.124255	4.3
38.224642	38.043225	3.7
38.294438	38.136617	4.1
37.271204	37.564266	3.8
38.419458	38.13901	4.4
37.210213	37.49869	3.7
38.283508	38.08877	4.2
38.410404	38.13453	4
37.780216	37.871855	4.4
36.123722	36.304297	3.1
37.279472	37.524479	4.1
36.713867	37.176119	3.6
37.89585	37.903556	4.7
37.874373	37.802934	3
37.102576	37.38479	1.9
36.756873	36.964571	2
37.300566	37.593575	3.9
37.19491	37.479065	4.4
37.210461	37.453959	3.6
38.199552	38.016032	3.7
38.551746	38.143323	3.7
38.465332	38.13564	3.3
38.446448	38.124825	3.3
37.798295	37.841585	4.7
37.544877	38.017086	3.1
38.396313	38.130326	3.6
38.566284	38.295492	2.7
37.815096	37.87758	3.7
37.249552	37.556999	4.2
37.084762	37.501693	2.3
38.526819	38.196175	4.8
37.223792	37.4995	4.7
37.225423	37.546802	3.8
38.611304	38.289205	3.8
37.251754	37.561267	3.5
36.972567	37.247188	4.4
37.390613	38.072677	3.4
36.392721	36.530147	4
36.938167	37.336035	3.9
38.568624	38.267904	4.8
38.4493	38.134269	3.8
38.594039	38.281612	3.6
38.472245	38.153621	4.3
38.58158	38.262252	4.1
38.500374	38.166752	4.6
37.208634	37.528687	3.4
37.831234	37.893323	4.4
37.865267	37.803719	4
38.478064	38.164689	4.8
38.461149	38.155412	4.3
38.374308	38.122872	4.1
36.443319	36.688265	3.9
37.059477	37.36744	4.9
36.427816	36.686613	4.9
36.916195	37.126371	3.8
38.566984	38.237252	3.9
38.584269	38.249097	4
38.352262	38.112683	4.4
38.539494	38.22511	4.1
37.254602	37.544576	4.7
36.903699	37.344116	3.9
36.973116	37.20909	5.3
37.153422	37.519307	3.9
36.754565	37.126009	4.9
38.442529	38.144027	3.9
38.228772	38.05706	5.1
37.892183	37.921769	5.6
36.982955	37.307312	5.3
37.586918	38.011259	2.6
36.654	37.048881	5.3
36.600985	36.897725	5
38.549967	38.197668	4.6
38.452153	38.117879	4.5
37.265796	37.603874	4.4
36.655953	37.131519	5.7
38.532267	38.160889	3.4
38.629	38.256897	4.7
36.939315	37.302706	6.6
36.981401	37.245296	5.6
36.997111	37.255017	7.7
38.601371	38.228031	3.7
38.491215	38.222664	2.3
36.576908	37.902535	3
38.16425	38.279761	2.8
37.040503	37.321444	2.1
37.870357	37.889368	2.4
36.907556	37.370154	2.6
38.209961	38.080762	2.6
36.560722	37.839461	3.5
36.561222	37.834729	3.1
36.101542	36.267273	2.6
38.243962	38.274581	2.6
37.481132	38.041911	3.1
36.800277	37.256844	1.4
38.285876	38.08724	3.4
38.065519	38.206087	2.2
36.612439	37.93597	3.9
37.236426	37.530306	2.1
37.014628	37.32314	2
36.758069	38.089994	2.5
36.847681	37.267643	2.4
36.876184	37.382206	2.4
36.098177	36.280233	3.6
36.818526	37.266044	2
36.697717	37.135962	2.2
37.158276	37.399325	3.8
36.934595	37.37821	2.4
36.656551	37.181429	2.3
36.603349	38.054423	3.8
37.579899	38.03195	2.4
37.588652	38.014807	2.6
36.751668	37.386007	2.1
37.627462	37.998372	3.3
36.66366	37.131677	2.1
36.811519	37.308455	2.4
37.874919	37.893917	3.2
37.120854	37.509285	2.3
35.954028	36.015633	3.5
36.531893	38.058411	3
36.576835	38.081445	2.7
37.181535	37.428691	3
37.018038	37.401363	3.8
37.6705	37.794177	3
38.361462	38.094682	2.4
36.89279	38.080497	2.6
38.634436	38.238546	2
36.733228	38.102189	3.7
37.87607	37.819124	3
36.744198	38.092635	2.3
37.09668	38.018302	2.4
36.566703	38.081486	2.4
38.469356	38.136104	2
36.814864	37.31141	2.4
36.880542	37.071777	2.5
37.548633	38.370671	2.7
36.963277	37.404517	2.5
37.050028	37.230042	2.2
38.095524	38.207646	2.9
37.10188	38.134208	2.7
38.09539	38.215129	4
36.612447	37.925358	3.3
36.602014	37.919307	2.7
36.666516	37.146895	2.1
38.316353	38.103792	3.3
38.47561	38.149235	2.8
36.617025	36.994942	2.6
37.947078	37.866532	2.4
38.303691	38.120695	1.7
37.470573	38.067017	2.1
37.802189	38.309424	2.2
37.18276	37.42974	2.6
36.416105	38.024101	3.3
37.807178	38.160022	2.2
37.266007	37.605127	1.9
37.033032	37.331173	1.5
38.108285	37.9764	2
36.45223	38.034094	4
36.456901	38.029911	3.8
36.706311	37.195528	3.7
38.039412	38.23252	2.2
38.321041	38.083162	3
38.266927	38.087781	1.7
37.791451	38.144511	2.2
37.324821	37.609375	1.9
36.922778	37.194071	2.4
36.329696	37.900199	3
37.704517	37.823145	1.8
37.099854	37.514669	2.1
37.27369	37.566191	2.9
37.119255	37.499382	1.6
38.14849	38.274036	2.3
37.195992	37.438717	2.9
36.323079	37.765287	2.7
37.419556	38.105257	3.4
36.32113	37.869934	2.8
37.877437	37.860372	2.3
36.54989	38.037695	3.4
38.607625	38.246785	2.2
36.695068	38.11755	2.8
36.609049	38.051343	2.9
37.141964	37.369613	3.5
38.679085	38.250126	1.3
37.842655	37.785974	2.1
38.46346	38.135714	2
38.454089	38.165763	3.5
36.601371	38.063196	3.4
36.600399	38.010441	2.4
36.461003	38.028715	4.7
38.41521	38.164103	3.1
38.397555	38.123926	3.2
38.351933	38.097164	3
37.859078	38.106559	3
38.185164	38.264441	2.7
37.692025	37.803231	3
37.888489	38.100317	3.1
38.17902	38.13776	1.7
38.475932	38.139966	2.1
36.655648	38.092253	4.6
36.603768	37.905257	3.3
36.340719	37.937569	2.8
37.006458	37.452865	2.5
37.207369	37.515116	2.4
36.584819	38.103088	3.5
37.780859	38.130941	3.6
36.63149	37.972168	2.6
36.148934	36.161528	2.2
36.855514	37.287736	1.5
37.677714	37.819747	1.9
36.739669	37.212138	2.5
36.472107	36.685799	2.3
36.395382	37.925313	2.3
37.112227	37.49163	1.5
37.710266	37.840063	2.5
37.128141	37.493998	3.7
37.823686	38.136458	2.7
36.336373	37.888228	2.1
36.628137	38.079651	1.7
37.828503	38.105074	1.9
36.314205	37.873352	3
36.623047	37.149272	2.7
37.834119	37.877547	1.9
36.447278	38.023018	2
37.660567	38.050761	1.9
36.746269	37.197709	2.4
37.799776	38.09668	2.9
38.550155	38.182072	2
37.373796	38.054777	2.1
36.955204	37.439343	3.3
36.69731	37.141854	1.9
38.420174	38.152568	2.8
36.465491	36.648934	2.4
37.633822	38.053495	2.6
37.191874	37.478918	2.8
36.323588	37.882092	2.6
37.169096	37.528365	2.4
36.345089	37.844816	2.3
37.35024	37.606962	2.5
36.362748	37.901379	2.6
37.496334	37.724264	2.2
37.106722	37.399959	1.7
36.886226	37.331596	1.4
37.078219	37.400948	1.2
36.953674	37.384074	1.5
37.590999	38.407918	2.8
37.739323	37.870138	2
36.686694	38.04515	2.2
36.575203	38.090393	2.9
36.696305	37.158167	3.5
36.865694	37.340157	2.1
37.160958	37.529097	2.4
36.416085	37.939168	2.2
38.187134	38.237931	2.8
37.170406	37.409814	2.3
36.45166	36.733931	2.9
38.48075	38.17819	1.9
36.434005	36.63077	2.8
37.19967	37.479264	1.7
36.331315	37.927673	2.7
37.11427	37.498999	1.6
37.493994	38.02028	3.5
37.112622	37.489404	2.7
36.599211	37.90756	3
37.549483	38.367692	2.2
37.184607	37.434485	1.9
37.955986	38.194865	2.3
36.880766	37.389893	2.5
37.031632	37.347721	1.4
36.256368	36.404041	3.1
36.898197	37.374003	2.9
36.529659	36.847339	4.2
37.145744	37.50426	2.5
38.329395	38.102287	1.6
37.041561	37.321257	3.2
38.415564	38.238489	2.7
36.925159	37.156588	1.8
36.469194	37.990393	2.8
36.579228	38.011104	3
38.17522	38.12124	3.4
36.836658	37.221029	2
36.898112	37.307308	3.1
38.017037	37.934054	3.1
36.915226	37.203813	2.8
36.733468	37.194063	2
36.37891	37.94082	2.6
36.454761	37.98774	2.4
37.139848	37.439775	2.6
38.079	38.240202	3.1
38.232149	37.988558	3
37.265108	38.101078	2.7
37.681982	38.063839	2.6
37.847949	37.827832	2.2
37.05929	37.354887	1.7
36.951864	37.389978	1.6
37.884839	37.886833	2.2
36.38807	36.478044	3.2
37.48337	37.963322	3.4
37.13243	38.05485	3.5
38.317419	38.110962	2.7
36.634538	37.896541	2.3
38.060449	38.225358	2.5
36.467786	36.683663	3.9
36.812284	37.31377	1.8
36.539148	38.042806	2.8
37.225818	37.490881	2.4
37.015979	37.339929	2.1
38.484635	38.182878	3.2
37.6823	38.011434	3
37.955123	38.162488	2.1
37.155062	37.502641	2
36.843245	37.246566	2
38.184204	38.29915	2.7
37.560266	38.078219	2.3
38.581567	38.222335	1.1
37.683012	38.07583	2
38.154667	38.079395	1.8
36.865385	37.346293	2.2
36.467485	37.992053	3
37.706091	37.797644	2.8
37.100834	37.507064	1.2
37.153182	37.444128	2.2
38.415487	38.112341	2
37.650248	37.809623	1.9
36.653015	36.939758	2.7
38.518673	38.154692	2.3
36.80682	37.307031	1.3
36.599711	38.01355	3.8
38.43621	38.119625	1.9
36.733521	37.221407	2.1
37.946004	37.963029	2.7
37.150232	37.363253	2
37.171452	37.470015	1.2
36.743868	37.195744	2.9
37.72745	37.806087	3.8
36.956047	37.448022	1.5
38.097843	38.004871	2.1
37.506596	38.016813	4
38.104114	38.234342	1.7
38.586279	38.24412	2.4
36.952958	37.252291	2
37.710547	37.791109	3.2
37.882011	37.888647	2.4
38.098584	37.99856	2.3
37.795113	37.869128	2.3
37.200407	37.502266	1.2
37.02157	37.324849	1.9
37.590568	37.79117	2.4
36.573022	36.893994	2.6
38.582642	38.242627	1.7
38.246867	38.275049	1.8
38.079687	38.221724	1.6
36.942562	37.381946	1.1
36.810681	37.228943	1.5
		
