36.26639000 36.43647000 
36.26830000 36.43800000 
36.27020000 36.43953000 
36.27211000 36.44106000 
36.27401000 36.44259000 
36.27592000 36.44412000 
36.27782000 36.44564000 
36.27973000 36.44717000 
36.28163000 36.44870000 
36.28354000 36.45023000 
36.28545000 36.45329000 
36.28544000 36.45176000 
36.28736000 36.45482000 
36.28926000 36.45635000 
36.29117000 36.45788000 
36.29308000 36.45940000 
36.29499000 36.46246000 
36.29498000 36.46093000 
36.29689000 36.46246000 
36.29879000 36.46399000 
36.30070000 36.46552000 
36.30261000 36.46705000 
36.30451000 36.46857000 
36.30643000 36.47163000 
36.30642000 36.47010000 
36.30834000 36.47316000 
36.31024000 36.47469000 
36.31215000 36.47622000 
36.31406000 36.47775000 
36.31596000 36.47928000 
36.31788000 36.48234000 
36.31787000 36.48080000 
36.31979000 36.48386000 
36.32169000 36.48539000 
36.32360000 36.48692000 
36.32551000 36.48845000 
36.32743000 36.49151000 
36.32742000 36.48998000 
36.32933000 36.49303000 
36.32932000 36.49150000 
36.33125000 36.49609000 
36.33124000 36.49456000 
36.33317000 36.49915000 
36.33316000 36.49762000 
36.33508000 36.50068000 
36.33699000 36.50374000 
36.33698000 36.50221000 
36.33891000 36.50680000 
36.33890000 36.50527000 
36.34083000 36.50986000 
36.34082000 36.50833000 
36.34275000 36.51292000 
36.34274000 36.51139000 
36.34467000 36.51598000 
36.34466000 36.51445000 
36.34658000 36.51751000 
36.34849000 36.52057000 
36.34848000 36.51903000 
36.35041000 36.52362000 
36.35040000 36.52209000 
36.35233000 36.52668000 
36.35232000 36.52515000 
36.35425000 36.52974000 
36.35424000 36.52821000 
36.35618000 36.53433000 
36.35617000 36.53280000 
36.35616000 36.53127000 
36.35810000 36.53739000 
36.35809000 36.53586000 
36.35808000 36.53433000 
36.36003000 36.54198000 
36.36002000 36.54045000 
36.36001000 36.53892000 
36.36196000 36.54658000 
36.36195000 36.54504000 
36.36194000 36.54351000 
36.36389000 36.55117000 
36.36388000 36.54963000 
36.36387000 36.54810000 
36.36582000 36.55576000 
36.36581000 36.55423000 
36.36580000 36.55269000 
36.36775000 36.56035000 
36.36774000 36.55882000 
36.36773000 36.55728000 
36.36969000 36.56494000 
36.36968000 36.56341000 
36.36966000 36.56188000 
36.37162000 36.56953000 
36.37161000 36.56800000 
36.37160000 36.56647000 
36.37355000 36.57412000 
36.37354000 36.57259000 
36.37353000 36.57106000 
36.37548000 36.57871000 
36.37547000 36.57718000 
36.37546000 36.57565000 
36.37742000 36.58483000 
36.37741000 36.58330000 
36.37740000 36.58177000 
36.37739000 36.58024000 
36.37948000 36.60781000 
36.37947000 36.60628000 
36.37946000 36.60474000 
36.37945000 36.60321000 
36.37944000 36.60168000 
36.37943000 36.60015000 
36.37942000 36.59862000 
36.37941000 36.59708000 
36.37940000 36.59555000 
36.37939000 36.59402000 
36.37938000 36.59249000 
36.37937000 36.59096000 
36.37936000 36.58942000 
36.37935000 36.58789000 
36.37934000 36.58636000 
36.38149000 36.62312000 
36.38148000 36.62159000 
36.38147000 36.62006000 
36.38146000 36.61853000 
36.38145000 36.61699000 
36.38144000 36.61546000 
36.38143000 36.61393000 
36.38142000 36.61240000 
36.38141000 36.61087000 
36.38140000 36.60933000 
36.38343000 36.62771000 
36.38342000 36.62618000 
36.38341000 36.62465000 
36.38536000 36.63230000 
36.38535000 36.63077000 
36.38534000 36.62924000 
36.38927410 36.63764761 
36.38926410 36.63611762 
36.38727000 36.63383000 
36.39120411 36.64224756 
36.39119410 36.64070758 
36.39118410 36.63917759 
36.39311411 36.64376754 
36.40836000 36.65522000 
36.41027000 36.65675000 
36.41218000 36.65828000 
36.41410000 36.65980000 
36.41601000 36.66133000 
36.41793000 36.66286000 
36.41984000 36.66439000 
36.39621239 36.64542020 
36.42176000 36.66591000 
36.39812239 36.64694027 
36.42367000 36.66744000 
36.40005239 36.65000042 
36.40003239 36.64847035 
36.42559000 36.66897000 
36.40196239 36.65153049 
36.42750000 36.67049000 
36.40387239 36.65305056 
36.42941000 36.67202000 
36.40579239 36.65458063 
36.43133000 36.67354000 
36.43326000 36.67660000 
36.43324000 36.67507000 
36.43516000 36.67660000 
36.43709000 36.67966000 
36.43708000 36.67812000 
36.43901000 36.68271000 
36.43900000 36.68118000 
36.44094000 36.68577000 
36.44093000 36.68424000 
36.44287000 36.68883000 
36.44286000 36.68730000 
36.44480000 36.69189000 
36.44479000 36.69036000 
36.44673000 36.69495000 
36.44671000 36.69342000 
36.44865000 36.69801000 
36.44864000 36.69647000 
36.45058000 36.70107000 
36.45057000 36.69953000 
36.45251000 36.70412000 
36.45250000 36.70259000 
36.45444000 36.70718000 
36.45443000 36.70565000 
36.45637000 36.71024000 
36.45636000 36.70871000 
36.45830000 36.71330000 
36.45829000 36.71177000 
36.46023000 36.71636000 
36.46021000 36.71482000 
36.46216000 36.71941000 
36.46214000 36.71788000 
36.46409000 36.72247000 
36.46407000 36.72094000 
36.46603000 36.72706000 
36.46602000 36.72553000 
36.46600000 36.72400000 
36.46796000 36.73012000 
36.46795000 36.72859000 
36.46989000 36.73318000 
36.46988000 36.73165000 
36.47183000 36.73777000 
36.47182000 36.73624000 
36.47181000 36.73471000 
36.47179000 36.73317000 
36.47376000 36.74083000 
36.47375000 36.73930000 
36.47569000 36.74389000 
36.47568000 36.74235000 
36.47764000 36.74848000 
36.47762000 36.74694000 
36.47761000 36.74541000 
36.47957000 36.75153000 
36.47956000 36.75000000 
36.48150000 36.75459000 
36.48149000 36.75306000 
36.48344000 36.75918000 
36.48343000 36.75765000 
36.48342000 36.75612000 
36.48539000 36.76377000 
36.48538000 36.76224000 
36.48536000 36.76071000 
36.48731000 36.76530000 
36.48729000 36.76377000 
36.48924000 36.76836000 
36.48923000 36.76682000 
36.49117000 36.77141000 
36.49116000 36.76988000 
36.49310000 36.77447000 
36.49309000 36.77294000 
36.49505000 36.77906000 
36.49504000 36.77753000 
36.49502000 36.77600000 
36.49698000 36.78212000 
36.49697000 36.78059000 
36.49892000 36.78518000 
36.49890000 36.78365000 
36.50085000 36.78824000 
36.50084000 36.78670000 
36.50278000 36.79129000 
36.50277000 36.78976000 
36.50472000 36.79435000 
36.50470000 36.79282000 
36.50665000 36.79741000 
36.50664000 36.79588000 
36.50858000 36.80047000 
36.50857000 36.79894000 
36.51052000 36.80353000 
36.51050000 36.80199000 
36.51246000 36.80812000 
36.51245000 36.80658000 
36.51244000 36.80505000 
36.51441000 36.81271000 
36.51440000 36.81117000 
36.51439000 36.80964000 
36.51637000 36.81883000 
36.51636000 36.81730000 
36.51635000 36.81576000 
36.51633000 36.81423000 
36.51832000 36.82342000 
36.51831000 36.82189000 
36.51830000 36.82035000 
36.52027000 36.82801000 
36.52026000 36.82648000 
36.52024000 36.82494000 
36.52224000 36.83413000 
36.52222000 36.83260000 
36.52221000 36.83107000 
36.52219000 36.82953000 
36.52418000 36.83872000 
36.52417000 36.83719000 
36.52416000 36.83566000 
36.52613000 36.84331000 
36.52612000 36.84178000 
36.52611000 36.84025000 
36.52808000 36.84790000 
36.52807000 36.84637000 
36.52806000 36.84484000 
36.53005000 36.85402000 
36.53003000 36.85249000 
36.53002000 36.85096000 
36.53001000 36.84943000 
36.53197000 36.85555000 
36.53196000 36.85402000 
36.53392000 36.86014000 
36.53391000 36.85861000 
36.53389000 36.85707000 
36.53586000 36.86320000 
36.53584000 36.86166000 
36.53780000 36.86625000 
36.53778000 36.86472000 
36.53973000 36.86931000 
36.53972000 36.86778000 
36.54167000 36.87237000 
36.54166000 36.87084000 
36.54361000 36.87543000 
36.54359000 36.87389000 
36.54557000 36.88155000 
36.54556000 36.88002000 
36.54555000 36.87848000 
36.54553000 36.87695000 
36.54764000 36.89840000 
36.54763000 36.89687000 
36.54761000 36.89533000 
36.54760000 36.89380000 
36.54758000 36.89227000 
36.54757000 36.89074000 
36.54756000 36.88920000 
36.54754000 36.88767000 
36.54753000 36.88614000 
36.54751000 36.88461000 
36.54750000 36.88307000 
36.54748000 36.88154000 
36.54973000 36.91678000 
36.54971000 36.91525000 
36.54970000 36.91372000 
36.54968000 36.91218000 
36.54967000 36.91065000 
36.54965000 36.90912000 
36.54964000 36.90759000 
36.54962000 36.90605000 
36.54961000 36.90452000 
36.54960000 36.90299000 
36.54958000 36.90146000 
36.54957000 36.89992000 
36.55174000 36.92750000 
36.55172000 36.92597000 
36.55171000 36.92444000 
36.55169000 36.92291000 
36.55168000 36.92137000 
36.55167000 36.91984000 
36.55165000 36.91831000 
36.55375000 36.93822000 
36.55374000 36.93669000 
36.55372000 36.93516000 
36.55371000 36.93363000 
36.55369000 36.93209000 
36.55368000 36.93056000 
36.55366000 36.92903000 
36.55576000 36.94894000 
36.55575000 36.94741000 
36.55573000 36.94588000 
36.55572000 36.94435000 
36.55571000 36.94281000 
36.55569000 36.94128000 
36.55568000 36.93975000 
36.55778000 36.95967000 
36.55776000 36.95813000 
36.55775000 36.95660000 
36.55773000 36.95507000 
36.55772000 36.95353000 
36.55770000 36.95200000 
36.55769000 36.95047000 
36.55979000 36.97039000 
36.55978000 36.96885000 
36.55976000 36.96732000 
36.55975000 36.96579000 
36.55973000 36.96426000 
36.55972000 36.96272000 
36.55970000 36.96119000 
36.56179000 36.97958000 
36.56178000 36.97804000 
36.56176000 36.97651000 
36.56175000 36.97498000 
36.56173000 36.97344000 
36.56172000 36.97191000 
36.56376000 36.98570000 
36.56375000 36.98417000 
36.56373000 36.98263000 
36.56372000 36.98110000 
36.56572000 36.99029000 
36.56571000 36.98876000 
36.56569000 36.98722000 
36.56769000 36.99641000 
36.56768000 36.99488000 
36.56766000 36.99335000 
36.56765000 36.99181000 
36.56965000 37.00100000 
36.56963000 36.99947000 
36.56962000 36.99794000 
36.57161000 37.00559000 
36.57159000 37.00406000 
36.57158000 37.00253000 
36.57358000 37.01172000 
36.57357000 37.01018000 
36.57355000 37.00865000 
36.57353000 37.00712000 
36.57552000 37.01477000 
36.57551000 37.01324000 
36.59110000 37.04230000 
36.59311000 37.05149000 
36.59309000 37.04996000 
36.59308000 37.04842000 
36.59306000 37.04689000 
36.59305000 37.04536000 
36.59303000 37.04382000 
36.59302000 37.04229000 
36.59513000 37.06221000 
36.59512000 37.06068000 
36.59510000 37.05914000 
36.59509000 37.05761000 
36.59507000 37.05608000 
36.59505000 37.05455000 
36.59504000 37.05301000 
36.59709000 37.06680000 
36.59708000 37.06527000 
36.59706000 37.06373000 
36.59902000 37.06832000 
36.60097000 37.07138000 
36.60095000 37.06985000 
36.60290000 37.07291000 
36.60485000 37.07596000 
36.60483000 37.07443000 
36.60678000 37.07749000 
36.60872000 37.08055000 
36.60871000 37.07901000 
36.61065000 37.08207000 
36.61260000 37.08513000 
36.61258000 37.08359000 
36.61453000 37.08665000 
36.61451000 37.08512000 
36.61646000 37.08818000 
36.61841000 37.09123000 
36.61839000 37.08970000 
36.62034000 37.09276000 
36.62227000 37.09428000 
36.62422000 37.09734000 
36.62420000 37.09580000 
36.62615000 37.09886000 
36.62808000 37.10039000 
36.63001000 37.10191000 
36.63196000 37.10497000 
36.63194000 37.10343000 
36.63389000 37.10649000 
36.63582000 37.10801000 
36.63777000 37.11107000 
36.63775000 37.10954000 
36.63970000 37.11260000 
36.64165000 37.11565000 
36.64164000 37.11412000 
36.64360000 37.11871000 
36.64358000 37.11718000 
36.64553000 37.12023000 
36.64748000 37.12329000 
36.64747000 37.12176000 
36.64943000 37.12635000 
36.64941000 37.12481000 
36.65136000 37.12787000 
36.65330000 37.12939000 
36.65523000 37.13092000 
36.65521000 37.12938000 
36.65716000 37.13244000 
36.65910000 37.13396000 
36.66103000 37.13549000 
36.66296000 37.13701000 
36.66488000 37.13700000 
36.66681000 37.13853000 
36.66875000 37.14005000 
36.67068000 37.14157000 
36.67261000 37.14310000 
36.67453000 37.14309000 
36.67646000 37.14461000 
36.67840000 37.14613000 
36.68226000 37.14918000 
36.68225000 37.14764000 
36.68420000 37.15070000 
36.68418000 37.14917000 
36.68613000 37.15222000 
36.68808000 37.15528000 
36.68807000 37.15375000 
36.69004000 37.15834000 
36.69002000 37.15680000 
36.69197000 37.15986000 
36.69392000 37.16292000 
36.69391000 37.16138000 
36.69586000 37.16444000 
36.69783000 37.16903000 
36.69781000 37.16749000 
36.69779000 37.16596000 
36.69978000 37.17208000 
36.69976000 37.17055000 
36.69975000 37.16902000 
36.70175000 37.17667000 
36.70174000 37.17514000 
36.70172000 37.17361000 
36.70371000 37.17973000 
36.70369000 37.17820000 
36.70566000 37.18278000 
36.70564000 37.18125000 
36.70761000 37.18584000 
36.70760000 37.18431000 
36.70959000 37.19043000 
36.70957000 37.18890000 
36.70955000 37.18736000 
36.71154000 37.19349000 
36.71152000 37.19195000 
36.71348000 37.19501000 
36.71346000 37.19348000 
36.71543000 37.19806000 
36.71541000 37.19653000 
36.71737000 37.19959000 
36.71932000 37.20264000 
36.71930000 37.20111000 
36.72126000 37.20417000 
36.72319000 37.20569000 
36.72515000 37.20874000 
36.72513000 37.20721000 
36.72709000 37.21027000 
36.72904000 37.21332000 
36.72902000 37.21179000 
36.73098000 37.21484000 
36.73292000 37.21637000 
36.73487000 37.21942000 
36.73485000 37.21789000 
36.73681000 37.22094000 
36.73877000 37.22400000 
36.73875000 37.22247000 
36.74070000 37.22552000 
36.74266000 37.22858000 
36.74264000 37.22704000 
36.74262000 37.22551000 
36.74460000 37.23010000 
36.74655000 37.23316000 
36.74653000 37.23162000 
36.74851000 37.23621000 
36.74849000 37.23468000 
36.75045000 37.23773000 
36.75241000 37.24079000 
36.75239000 37.23926000 
36.75436000 37.24384000 
36.75434000 37.24231000 
36.75630000 37.24537000 
36.75826000 37.24842000 
36.75824000 37.24689000 
36.76022000 37.25148000 
36.76020000 37.24994000 
36.76216000 37.25300000 
36.76412000 37.25605000 
36.76410000 37.25452000 
36.76607000 37.25911000 
36.76605000 37.25758000 
36.76801000 37.26063000 
36.76997000 37.26369000 
36.76995000 37.26215000 
36.77193000 37.26674000 
36.77191000 37.26521000 
36.77189000 37.26367000 
36.77387000 37.26826000 
36.77581000 37.26978000 
36.77777000 37.27284000 
36.77775000 37.27131000 
36.77971000 37.27436000 
36.78167000 37.27742000 
36.78165000 37.27588000 
36.78361000 37.27894000 
36.78557000 37.28199000 
36.78555000 37.28046000 
36.78751000 37.28351000 
36.78947000 37.28657000 
36.78945000 37.28504000 
36.79141000 37.28809000 
36.79335000 37.28961000 
36.79529000 37.29113000 
36.79723000 37.29265000 
36.79917000 37.29418000 
36.80113000 37.29723000 
36.80111000 37.29570000 
36.80307000 37.29875000 
36.80501000 37.30027000 
36.80696000 37.30179000 
36.80890000 37.30332000 
36.81086000 37.30637000 
36.81084000 37.30484000 
36.81280000 37.30789000 
36.81474000 37.30941000 
36.81670000 37.31247000 
36.81668000 37.31093000 
36.81865000 37.31399000 
36.82059000 37.31551000 
36.82255000 37.31856000 
36.82253000 37.31703000 
36.82449000 37.32008000 
36.82646000 37.32314000 
36.82643000 37.32161000 
36.82840000 37.32466000 
36.83034000 37.32618000 
36.83230000 37.32924000 
36.83228000 37.32770000 
36.83425000 37.33076000 
36.83619000 37.33228000 
36.85981000 37.37199000 
36.86176000 37.37351000 
36.86370000 37.37503000 
36.86368000 37.37350000 
36.86564000 37.37655000 
36.84438812 37.34313592 
36.84436812 37.34159656 
36.86759000 37.37807000 
36.84635812 37.34618467 
36.84632813 37.34465530 
36.86956000 37.38113000 
36.86953000 37.37959000 
36.84831813 37.34923341 
36.84829812 37.34770404 
36.87150000 37.38265000 
36.85028812 37.35229215 
36.85025812 37.35075278 
36.87345000 37.38417000 
36.85224812 37.35534089 
36.85222813 37.35381152 
36.87541000 37.38722000 
36.87539000 37.38569000 
36.85421813 37.35838963 
36.85418812 37.35686026 
36.87736000 37.38874000 
36.85621812 37.36451710 
36.85619813 37.36297774 
36.85617812 37.36144837 
36.85615812 37.35990901 
36.87933000 37.39180000 
36.87930000 37.39026000 
36.87928000 37.38873000 
36.85820812 37.36909521 
36.85818813 37.36756585 
36.85816812 37.36603648 
36.88127000 37.39332000 
36.88324000 37.39637000 
36.88322000 37.39484000 
36.88518000 37.39789000 
36.88715000 37.40094000 
36.88713000 37.39941000 
36.88910000 37.40246000 
36.89107000 37.40552000 
36.89104000 37.40398000 
36.83842118 37.33362626 
36.89301000 37.40704000 
36.84036117 37.33514654 
36.89496000 37.40856000 
36.84231118 37.33666681 
36.89690000 37.41008000 
36.84427118 37.33971736 
36.84425118 37.33818709 
36.89885000 37.41160000 
36.90082000 37.41465000 
36.90080000 37.41312000 
36.90277000 37.41617000 
36.90471000 37.41769000 
36.90666000 37.41921000 
36.90861000 37.42073000 
36.91055000 37.42225000 
36.91250000 37.42377000 
36.91445000 37.42529000 
36.91443000 37.42375000 
36.91637000 37.42527000 
36.91832000 37.42679000 
36.92027000 37.42831000 
36.92219000 37.42830000 
36.92414000 37.42982000 
36.92609000 37.43134000 
36.92801000 37.43132000 
36.92996000 37.43284000 
36.93191000 37.43436000 
36.93383000 37.43435000 
36.93578000 37.43587000 
36.93773000 37.43738000 
36.93770000 37.43585000 
36.93965000 37.43737000 
36.94160000 37.43889000 
36.94352000 37.43887000 
36.94547000 37.44039000 
36.94742000 37.44191000 
36.94934000 37.44190000 
36.95129000 37.44342000 
36.95322000 37.44340000 
36.95517000 37.44492000 
36.95712000 37.44644000 
36.95904000 37.44642000 
36.96099000 37.44794000 
36.96291000 37.44793000 
36.96486000 37.44945000 
36.96681000 37.45097000 
36.96874000 37.45095000 
36.97069000 37.45247000 
36.97066000 37.45094000 
36.97261000 37.45245000 
36.97456000 37.45397000 
36.97649000 37.45396000 
36.97843000 37.45548000 
36.98038000 37.45699000 
36.98231000 37.45698000 
36.98426000 37.45850000 
36.98618000 37.45848000 
36.98813000 37.46000000 
36.99006000 37.45998000 
36.99201000 37.46150000 
36.99396000 37.46302000 
36.99393000 37.46149000 
36.99588000 37.46301000 
36.99783000 37.46452000 
36.99978000 37.46604000 
37.00171000 37.46603000 
37.00366000 37.46754000 
37.00559000 37.46753000 
37.00754000 37.46905000 
37.00949000 37.47056000 
37.01141000 37.47055000 
37.01336000 37.47207000 
37.01529000 37.47205000 
37.01724000 37.47357000 
37.01721000 37.47203000 
37.01919000 37.47509000 
37.02114000 37.47660000 
37.02307000 37.47659000 
37.02502000 37.47811000 
37.02697000 37.47962000 
37.02889000 37.47961000 
37.03085000 37.48112000 
37.03280000 37.48264000 
37.03472000 37.48263000 
37.03667000 37.48414000 
37.03860000 37.48413000 
37.04055000 37.48564000 
37.04053000 37.48411000 
37.04248000 37.48563000 
37.04443000 37.48714000 
37.04636000 37.48713000 
37.04828000 37.48711000 
37.05023000 37.48863000 
37.05216000 37.48861000 
37.05411000 37.49013000 
37.05604000 37.49011000 
37.05796000 37.49010000 
37.05992000 37.49161000 
37.06184000 37.49160000 
37.06379000 37.49311000 
37.06377000 37.49158000 
37.06572000 37.49310000 
37.06765000 37.49308000 
37.06960000 37.49460000 
37.07153000 37.49458000 
37.07345000 37.49456000 
37.07540000 37.49608000 
37.07733000 37.49606000 
37.07926000 37.49605000 
37.08121000 37.49756000 
37.08314000 37.49754000 
37.08509000 37.49906000 
37.08506000 37.49753000 
37.08704000 37.50058000 
37.08897000 37.50056000 
37.09092000 37.50208000 
37.09288000 37.50359000 
37.09483000 37.50511000 
37.09678000 37.50663000 
37.09871000 37.50661000 
37.10066000 37.50813000 
37.10064000 37.50659000 
37.10259000 37.50811000 
37.10452000 37.50809000 
37.10644000 37.50807000 
37.10840000 37.50959000 
37.11032000 37.50957000 
37.11225000 37.50955000 
37.11418000 37.50954000 
37.11613000 37.51105000 
37.11806000 37.51103000 
37.11998000 37.51102000 
37.12191000 37.51100000 
37.12386000 37.51251000 
37.12579000 37.51250000 
37.12772000 37.51248000 
37.12964000 37.51246000 
37.13160000 37.51398000 
37.13157000 37.51244000 
37.13353000 37.51396000 
37.13545000 37.51394000 
37.13738000 37.51392000 
37.13931000 37.51390000 
37.14126000 37.51542000 
37.14319000 37.51540000 
37.14511000 37.51538000 
37.14704000 37.51537000 
37.14900000 37.51688000 
37.15092000 37.51686000 
37.15285000 37.51684000 
37.15480000 37.51836000 
37.15478000 37.51683000 
37.15673000 37.51834000 
37.15866000 37.51832000 
37.16061000 37.51984000 
37.16254000 37.51982000 
37.16450000 37.52133000 
37.16642000 37.52132000 
37.16838000 37.52283000 
37.17031000 37.52281000 
37.17223000 37.52279000 
37.17419000 37.52431000 
37.17612000 37.52429000 
37.17807000 37.52580000 
37.18000000 37.52579000 
37.18195000 37.52730000 
37.18193000 37.52577000 
37.18388000 37.52728000 
37.18584000 37.52880000 
37.18776000 37.52878000 
37.18972000 37.53029000 
37.19165000 37.53027000 
37.19360000 37.53179000 
37.19553000 37.53177000 
37.19749000 37.53328000 
37.19942000 37.53326000 
37.20137000 37.53478000 
37.20330000 37.53476000 
37.20526000 37.53627000 
37.20718000 37.53625000 
37.20914000 37.53777000 
37.21107000 37.53775000 
37.21303000 37.53926000 
37.21300000 37.53773000 
37.21495000 37.53924000 
37.21691000 37.54076000 
37.21884000 37.54074000 
37.22079000 37.54225000 
37.22272000 37.54223000 
37.22465000 37.54221000 
37.22661000 37.54373000 
37.22853000 37.54371000 
37.23049000 37.54522000 
37.23046000 37.54369000 
37.23245000 37.54674000 
37.26661359 37.56224078 
37.23438000 37.54672000 
37.26857359 37.56375056 
37.23634000 37.54823000 
37.27049359 37.56373056 
37.23826000 37.54821000 
37.27173694 37.56496922 
37.24022000 37.54972000 
37.24218000 37.55124000 
37.27253704 37.56636693 
37.24411000 37.55122000 
37.24607000 37.55273000 
37.27315547 37.56811180 
37.24799000 37.55271000 
37.24995000 37.55423000 
37.24992000 37.55269000 
37.27417015 37.56949951 
37.25188000 37.55421000 
37.25384000 37.55572000 
37.25580000 37.55723000 
37.25772000 37.55721000 
37.25968000 37.55873000 
37.26161000 37.55871000 
37.26357000 37.56022000 
37.26550000 37.56020000 
37.27343000 37.57085000 
37.27539000 37.57237000 
37.27731000 37.57235000 
37.27924000 37.57233000 
37.28120000 37.57384000 
37.28313000 37.57382000 
37.28506000 37.57380000 
37.28702000 37.57531000 
37.28895000 37.57529000 
37.29088000 37.57527000 
37.29284000 37.57678000 
37.29280000 37.57525000 
37.29476000 37.57676000 
37.29672000 37.57827000 
37.29865000 37.57825000 
37.30058000 37.57823000 
37.30254000 37.57974000 
37.30447000 37.57972000 
37.30643000 37.58124000 
37.30839000 37.58275000 
37.30836000 37.58122000 
37.31042000 37.58733000 
37.31038000 37.58580000 
37.31035000 37.58426000 
37.31234000 37.58731000 
37.31431000 37.58882000 
37.31427000 37.58729000 
37.31627000 37.59033000 
37.31819000 37.59031000 
37.32016000 37.59182000 
37.32208000 37.59180000 
37.32405000 37.59332000 
37.32597000 37.59329000 
37.32794000 37.59481000 
37.32986000 37.59479000 
37.33183000 37.59630000 
37.33379000 37.59781000 
37.33572000 37.59779000 
37.33768000 37.59930000 
37.33961000 37.59928000 
37.34157000 37.60079000 
37.34350000 37.60077000 
37.34546000 37.60228000 
37.34742000 37.60379000 
37.34739000 37.60226000 
37.34935000 37.60377000 
37.35131000 37.60528000 
37.35328000 37.60680000 
37.35520000 37.60677000 
37.35717000 37.60829000 
37.35913000 37.60980000 
37.36109000 37.61131000 
37.36302000 37.61129000 
37.36498000 37.61280000 
37.36695000 37.61431000 
37.36891000 37.61582000 
37.37084000 37.61580000 
37.37280000 37.61731000 
37.37476000 37.61882000 
37.37473000 37.61729000 
37.37669000 37.61880000 
37.37866000 37.62031000 
37.38059000 37.62029000 
37.38255000 37.62180000 
37.38451000 37.62331000 
37.38644000 37.62329000 
37.38841000 37.62480000 
37.39034000 37.62478000 
37.39230000 37.62629000 
37.39426000 37.62780000 
37.39619000 37.62778000 
37.39816000 37.62929000 
37.39812000 37.62776000 
37.40012000 37.63080000 
37.40205000 37.63078000 
37.40402000 37.63229000 
37.40598000 37.63380000 
37.40791000 37.63378000 
37.40987000 37.63529000 
37.41184000 37.63680000 
37.41377000 37.63678000 
37.41573000 37.63829000 
37.41770000 37.63980000 
37.41963000 37.63977000 
37.42159000 37.64128000 
37.42356000 37.64280000 
37.42352000 37.64126000 
37.42552000 37.64431000 
37.42745000 37.64428000 
37.42942000 37.64579000 
37.43138000 37.64730000 
37.43335000 37.64881000 
37.43531000 37.65033000 
37.43728000 37.65184000 
37.43924000 37.65335000 
37.44121000 37.65486000 
37.44318000 37.65637000 
37.44514000 37.65788000 
37.44711000 37.65939000 
37.44707000 37.65785000 
37.44907000 37.66090000 
37.45104000 37.66241000 
37.45304000 37.66545000 
37.45300000 37.66392000 
37.45501000 37.66696000 
37.45697000 37.66847000 
37.45894000 37.66998000 
37.46091000 37.67149000 
37.46291000 37.67454000 
37.46287000 37.67300000 
37.46487000 37.67605000 
37.46684000 37.67756000 
37.46881000 37.67907000 
37.47077000 37.68058000 
37.47274000 37.68209000 
37.47271000 37.68055000 
37.47471000 37.68360000 
37.47668000 37.68511000 
37.47864000 37.68662000 
37.48061000 37.68813000 
37.48258000 37.68964000 
37.48455000 37.69115000 
37.48648000 37.69112000 
37.48844000 37.69263000 
37.49041000 37.69414000 
37.49238000 37.69565000 
37.49435000 37.69716000 
37.49431000 37.69563000 
37.49632000 37.69867000 
37.49828000 37.70018000 
37.50025000 37.70169000 
37.50222000 37.70320000 
37.50419000 37.70471000 
37.50612000 37.70468000 
37.50809000 37.70619000 
37.51006000 37.70770000 
37.51203000 37.70921000 
37.51400000 37.71072000 
37.51596000 37.71223000 
37.51793000 37.71374000 
37.51990000 37.71525000 
37.51987000 37.71371000 
37.52184000 37.71522000 
37.52380000 37.71673000 
37.52577000 37.71824000 
37.52774000 37.71975000 
37.52968000 37.71972000 
37.53165000 37.72123000 
37.53361000 37.72274000 
37.53558000 37.72425000 
37.53755000 37.72576000 
37.53949000 37.72574000 
37.54146000 37.72724000 
37.54343000 37.72875000 
37.54540000 37.73026000 
37.54733000 37.73024000 
37.54930000 37.73174000 
37.55127000 37.73325000 
37.55324000 37.73476000 
37.55521000 37.73627000 
37.55517000 37.73474000 
37.55718000 37.73778000 
37.55915000 37.73929000 
37.56116000 37.74233000 
37.56112000 37.74080000 
37.56313000 37.74384000 
37.56510000 37.74535000 
37.56707000 37.74685000 
37.56904000 37.74836000 
37.57102000 37.74987000 
37.57299000 37.75138000 
37.57500000 37.75442000 
37.57496000 37.75289000 
37.57693000 37.75440000 
37.57890000 37.75590000 
37.58087000 37.75741000 
37.58284000 37.75892000 
37.58478000 37.75889000 
37.58675000 37.76040000 
37.58872000 37.76191000 
37.59069000 37.76342000 
37.59263000 37.76339000 
37.63461005 37.80099226 
37.63457004 37.79946218 
37.59460000 37.76490000 
37.63655005 37.80096225 
37.59657000 37.76641000 
37.63852005 37.80247233 
37.59851000 37.76638000 
37.64049004 37.80398241 
37.60048000 37.76789000 
37.60044000 37.76635000 
37.64247004 37.80549249 
37.60245000 37.76940000 
37.64440005 37.80546248 
37.60438000 37.76937000 
37.64431011 37.80690475 
37.60636000 37.77088000 
37.60833000 37.77239000 
37.61026000 37.77236000 
37.62208097 37.78381125 
37.62204097 37.78228088 
37.62200097 37.78074052 
37.61224000 37.77387000 
37.62409097 37.78685198 
37.62405096 37.78532161 
37.61421000 37.77537000 
37.62614097 37.79143307 
37.62610097 37.78990271 
37.62606097 37.78836234 
37.61614000 37.77535000 
37.62815097 37.79447380 
37.62812096 37.79294343 
37.62024993 37.77998784 
37.61812000 37.77685000 
37.63017096 37.79751453 
37.63013097 37.79598416 
37.62009000 37.77836000 
37.62005000 37.77683000 
37.63210096 37.79749452 
37.64409000 37.80872000 
37.64607000 37.81023000 
37.64603000 37.80870000 
37.64800000 37.81020000 
37.64998000 37.81171000 
37.65195000 37.81322000 
37.65389000 37.81319000 
37.65586000 37.81470000 
37.65780000 37.81467000 
37.65977000 37.81617000 
37.66175000 37.81768000 
37.66368000 37.81765000 
37.66566000 37.81916000 
37.66763000 37.82067000 
37.66957000 37.82064000 
37.67154000 37.82215000 
37.67150000 37.82061000 
37.67348000 37.82212000 
37.67545000 37.82363000 
37.67743000 37.82513000 
37.67936000 37.82510000 
37.68134000 37.82661000 
37.68328000 37.82658000 
37.68525000 37.82809000 
37.68723000 37.82959000 
37.68916000 37.82957000 
37.69114000 37.83107000 
37.69312000 37.83258000 
37.69505000 37.83255000 
37.69703000 37.83406000 
37.69896000 37.83403000 
37.70094000 37.83554000 
37.70090000 37.83400000 
37.70288000 37.83551000 
37.70485000 37.83701000 
37.70679000 37.83698000 
37.70877000 37.83849000 
37.71070000 37.83846000 
37.71268000 37.83997000 
37.71461000 37.83994000 
37.71659000 37.84145000 
37.71853000 37.84142000 
37.72051000 37.84292000 
37.72244000 37.84289000 
37.72442000 37.84440000 
37.72640000 37.84591000 
37.72833000 37.84588000 
37.73031000 37.84738000 
37.73027000 37.84585000 
37.73225000 37.84735000 
37.73418000 37.84732000 
37.73616000 37.84883000 
37.73810000 37.84880000 
37.74007000 37.85031000 
37.74201000 37.85028000 
37.74399000 37.85178000 
37.74592000 37.85175000 
37.74790000 37.85326000 
37.74984000 37.85323000 
37.75182000 37.85473000 
37.75379000 37.85624000 
37.75375000 37.85471000 
37.75577000 37.85775000 
37.75775000 37.85925000 
37.75977000 37.86229000 
37.75973000 37.86076000 
37.76171000 37.86226000 
37.76365000 37.86223000 
37.76558000 37.86220000 
37.76756000 37.86371000 
37.76752000 37.86217000 
37.76950000 37.86368000 
37.77143000 37.86365000 
37.77337000 37.86362000 
37.77531000 37.86359000 
37.77729000 37.86509000 
37.77922000 37.86506000 
37.78116000 37.86503000 
37.78310000 37.86500000 
37.78508000 37.86651000 
37.78503000 37.86497000 
37.78701000 37.86648000 
37.78895000 37.86645000 
37.79093000 37.86795000 
37.79286000 37.86792000 
37.79480000 37.86789000 
37.79678000 37.86940000 
37.79872000 37.86937000 
37.80070000 37.87087000 
37.80263000 37.87084000 
37.80457000 37.87081000 
37.80655000 37.87232000 
37.80849000 37.87229000 
37.81047000 37.87379000 
37.81042000 37.87226000 
37.81240000 37.87376000 
37.81434000 37.87373000 
37.81632000 37.87523000 
37.81826000 37.87520000 
37.82024000 37.87671000 
37.82218000 37.87668000 
37.82411000 37.87665000 
37.82609000 37.87815000 
37.82803000 37.87812000 
37.82997000 37.87809000 
37.83195000 37.87959000 
37.83190000 37.87806000 
37.83388000 37.87956000 
37.83582000 37.87953000 
37.83776000 37.87950000 
37.83974000 37.88101000 
37.84168000 37.88097000 
37.84361000 37.88094000 
37.84555000 37.88091000 
37.84753000 37.88242000 
37.84947000 37.88239000 
37.85141000 37.88235000 
37.85339000 37.88386000 
37.85334000 37.88232000 
37.85532000 37.88383000 
37.85726000 37.88380000 
37.85924000 37.88530000 
37.86118000 37.88527000 
37.86316000 37.88677000 
37.86510000 37.88674000 
37.86704000 37.88671000 
37.86902000 37.88821000 
37.87096000 37.88818000 
37.87294000 37.88968000 
37.87487000 37.88965000 
37.87690000 37.89269000 
37.87686000 37.89116000 
37.87681000 37.88962000 
37.87897000 37.89726000 
37.87893000 37.89573000 
37.87888000 37.89419000 
37.88100000 37.90030000 
37.88096000 37.89876000 
37.88294000 37.90027000 
37.88488000 37.90024000 
37.88686000 37.90174000 
37.88681000 37.90020000 
37.88880000 37.90171000 
37.89073000 37.90167000 
37.89267000 37.90164000 
37.89465000 37.90315000 
37.89659000 37.90311000 
37.89853000 37.90308000 
37.90051000 37.90458000 
37.90245000 37.90455000 
37.90439000 37.90452000 
37.90637000 37.90602000 
37.90831000 37.90599000 
37.91025000 37.90596000 
37.91218000 37.90593000 
37.91417000 37.90743000 
37.91412000 37.90590000 
37.91611000 37.90740000 
37.91804000 37.90737000 
37.92003000 37.90887000 
37.92196000 37.90884000 
37.92390000 37.90880000 
37.92589000 37.91031000 
37.92782000 37.91027000 
37.92976000 37.91024000 
37.93175000 37.91174000 
37.93368000 37.91171000 
37.93562000 37.91168000 
37.93761000 37.91318000 
37.93954000 37.91315000 
37.94148000 37.91312000 
37.94342000 37.91308000 
37.94540000 37.91458000 
37.94734000 37.91455000 
37.94928000 37.91452000 
37.95126000 37.91602000 
37.95122000 37.91449000 
37.95320000 37.91599000 
37.95514000 37.91596000 
37.95708000 37.91592000 
37.95906000 37.91742000 
37.96100000 37.91739000 
37.96294000 37.91736000 
37.96488000 37.91733000 
37.96686000 37.91883000 
37.96880000 37.91879000 
37.97078000 37.92029000 
37.97074000 37.91876000 
37.97272000 37.92026000 
37.97471000 37.92176000 
37.97669000 37.92326000 
37.97863000 37.92323000 
37.98062000 37.92473000 
37.98260000 37.92623000 
37.98454000 37.92620000 
37.98653000 37.92770000 
37.98846000 37.92767000 
37.99045000 37.92917000 
37.99244000 37.93067000 
37.99437000 37.93064000 
37.99636000 37.93214000 
37.99830000 37.93210000 
38.00028000 37.93360000 
38.00024000 37.93207000 
38.00222000 37.93357000 
38.00421000 37.93507000 
38.00615000 37.93504000 
38.00809000 37.93500000 
38.01007000 37.93650000 
38.01201000 37.93647000 
38.01395000 37.93644000 
38.01594000 37.93794000 
38.01788000 37.93790000 
38.01981000 37.93787000 
38.02175000 37.93783000 
38.02364000 37.93627000 
38.02359000 37.93473000 
38.02558000 37.93623000 
38.02553000 37.93470000 
38.02752000 37.93620000 
38.02951000 37.93770000 
38.03144000 37.93766000 
38.03343000 37.93916000 
38.03537000 37.93913000 
38.03736000 37.94063000 
38.03934000 37.94213000 
38.04128000 37.94210000 
38.04327000 37.94360000 
38.04521000 37.94356000 
38.04720000 37.94506000 
38.04715000 37.94353000 
38.04914000 37.94503000 
38.05107000 37.94499000 
38.05306000 37.94649000 
38.05500000 37.94646000 
38.05699000 37.94796000 
38.05893000 37.94792000 
38.06092000 37.94942000 
38.06285000 37.94939000 
38.06484000 37.95089000 
38.06678000 37.95085000 
38.06872000 37.95082000 
38.07071000 37.95232000 
38.07265000 37.95228000 
38.07464000 37.95378000 
38.07459000 37.95225000 
38.07657000 37.95375000 
38.07856000 37.95525000 
38.08050000 37.95521000 
38.08443000 37.95668000 
38.08642000 37.95818000 
38.08637000 37.95664000 
38.08836000 37.95814000 
38.09030000 37.95810000 
38.09229000 37.95960000 
38.09428000 37.96110000 
38.09626000 37.96260000 
38.09820000 37.96257000 
38.10019000 37.96407000 
38.10218000 37.96556000 
38.10417000 37.96706000 
38.10616000 37.96856000 
38.10611000 37.96703000 
38.10815000 37.97006000 
38.10810000 37.96853000 
38.11014000 37.97156000 
38.11208000 37.97152000 
38.11407000 37.97302000 
38.11606000 37.97452000 
38.11805000 37.97602000 
38.11999000 37.97598000 
38.12198000 37.97748000 
38.12397000 37.97898000 
38.12596000 37.98048000 
38.12591000 37.97895000 
38.12790000 37.98044000 
38.12989000 37.98194000 
38.13183000 37.98191000 
38.13382000 37.98341000 
38.13576000 37.98337000 
38.13775000 37.98487000 
38.13969000 37.98483000 
38.14168000 37.98633000 
38.14367000 37.98783000 
38.14362000 37.98629000 
38.14561000 37.98779000 
38.14755000 37.98776000 
38.15082019 37.98713863 
38.15281019 37.98863848 
38.15480019 37.99013833 
38.15475019 37.98859848 
38.15674019 37.99009834 
38.15868019 37.99006834 
38.16118517 37.98929211 
38.16317517 37.99079200 
38.16312517 37.98926211 
38.16511517 37.99075201 
38.16705517 37.99072201 
38.16904517 37.99222191 
38.16899517 37.99068201 
38.17098517 37.99218191 
38.17292517 37.99214191 
38.17543016 37.99228897 
38.17819263 37.99257134 
38.18013263 37.99253135 
38.18213263 37.99403130 
38.18412263 37.99552125 
38.18407263 37.99399130 
38.18606263 37.99549125 
38.18805263 37.99698120 
38.19010263 38.00002110 
38.19004263 37.99848115 
38.19209263 38.00151105 
38.19408263 38.00301100 
38.20061000 38.00671000 
38.19613263 38.00604090 
38.19607263 38.00451095 
38.20260000 38.00821000 
38.20255000 38.00667000 
38.19807263 38.00601091 
38.20454000 38.00817000 
38.20648000 38.00813000 
38.20848000 38.00963000 
38.21042000 38.00959000 
38.21241000 38.01109000 
38.21440000 38.01259000 
38.21640000 38.01408000 
38.21634000 38.01255000 
38.21834000 38.01405000 
38.22028000 38.01401000 
38.22227000 38.01551000 
38.22421000 38.01547000 
38.22621000 38.01697000 
38.22820000 38.01846000 
38.23019000 38.01996000 
38.23014000 38.01842000 
38.23214000 38.01992000 
38.23413000 38.02142000 
38.23607000 38.02138000 
38.23806000 38.02288000 
38.24006000 38.02437000 
38.24200000 38.02434000 
38.24399000 38.02583000 
38.24599000 38.02733000 
38.24798000 38.02882000 
38.24793000 38.02729000 
38.24992000 38.02879000 
38.25186000 38.02875000 
38.25381000 38.02871000 
38.25580000 38.03021000 
38.25774000 38.03017000 
38.25974000 38.03166000 
38.26168000 38.03163000 
38.26367000 38.03312000 
38.26362000 38.03159000 
38.26561000 38.03308000 
38.26755000 38.03305000 
38.26955000 38.03454000 
38.27149000 38.03450000 
38.27343000 38.03446000 
38.27543000 38.03596000 
38.27737000 38.03592000 
38.27936000 38.03742000 
38.28136000 38.03891000 
38.28131000 38.03738000 
38.28330000 38.03888000 
38.28524000 38.03884000 
38.28718000 38.03880000 
38.28918000 38.04029000 
38.29112000 38.04025000 
38.29306000 38.04022000 
38.29506000 38.04171000 
38.29700000 38.04167000 
38.29900000 38.04317000 
38.29894000 38.04163000 
38.30094000 38.04313000 
38.30288000 38.04309000 
38.30482000 38.04305000 
38.30682000 38.04455000 
38.30876000 38.04451000 
38.31075000 38.04600000 
38.31275000 38.04750000 
38.31269000 38.04596000 
38.31469000 38.04746000 
38.31663000 38.04742000 
38.31863000 38.04891000 
38.32057000 38.04887000 
38.32257000 38.05037000 
38.32451000 38.05033000 
38.32651000 38.05183000 
38.32850000 38.05332000 
38.32845000 38.05179000 
38.33045000 38.05328000 
38.33239000 38.05324000 
38.33438000 38.05474000 
38.33638000 38.05623000 
38.33633000 38.05470000 
38.33832000 38.05619000 
38.34026000 38.05615000 
38.34226000 38.05765000 
38.34420000 38.05761000 
38.34615000 38.05757000 
38.34814000 38.05906000 
38.35009000 38.05902000 
38.35208000 38.06052000 
38.35403000 38.06048000 
38.35602000 38.06197000 
38.35597000 38.06044000 
38.35796000 38.06193000 
38.35991000 38.06189000 
38.36185000 38.06185000 
38.36385000 38.06334000 
38.36579000 38.06330000 
38.36779000 38.06480000 
38.36773000 38.06326000 
38.36973000 38.06476000 
38.36967000 38.06322000 
38.37161000 38.06318000 
38.37356000 38.06314000 
38.37544000 38.06157000 
38.37738000 38.06153000 
38.37933000 38.06149000 
38.38121000 38.05991000 
38.38315000 38.05987000 
38.38504000 38.05830000 
38.38698000 38.05826000 
38.38892000 38.05822000 
38.39086000 38.05818000 
38.39281000 38.05814000 
38.39475000 38.05810000 
38.39669000 38.05805000 
38.39863000 38.05801000 
38.40057000 38.05797000 
38.40251000 38.05793000 
38.40446000 38.05789000 
38.40640000 38.05785000 
38.40634000 38.05632000 
38.40828000 38.05628000 
38.41022000 38.05623000 
38.41217000 38.05619000 
38.41411000 38.05615000 
38.41605000 38.05611000 
38.41799000 38.05607000 
38.41999000 38.05756000 
38.42193000 38.05752000 
38.42387000 38.05748000 
38.42587000 38.05897000 
38.42781000 38.05893000 
38.42981000 38.06043000 
38.42976000 38.05889000 
38.43176000 38.06038000 
38.43370000 38.06034000 
38.43564000 38.06030000 
38.43758000 38.06026000 
38.43958000 38.06175000 
38.44152000 38.06171000 
38.44352000 38.06320000 
38.44346000 38.06167000 
38.44546000 38.06316000 
38.44541000 38.06163000 
38.44735000 38.06159000 
38.44929000 38.06155000 
38.45123000 38.06150000 
38.45317000 38.06146000 
38.45512000 38.06142000 
38.45706000 38.06138000 
38.45900000 38.06134000 
38.46094000 38.06129000 
38.46288000 38.06125000 
38.46488000 38.06275000 
38.46683000 38.06270000 
38.46877000 38.06266000 
38.47077000 38.06415000 
38.47071000 38.06262000 
38.47271000 38.06411000 
38.47465000 38.06407000 
38.47665000 38.06556000 
38.47859000 38.06552000 
38.48059000 38.06701000 
38.48260000 38.06850000 
38.48454000 38.06846000 
38.48660000 38.07149000 
38.48654000 38.06995000 
38.48854000 38.07145000 
38.49054000 38.07294000 
38.49254000 38.07443000 
38.49454000 38.07592000 
38.49655000 38.07741000 
38.49855000 38.07891000 
38.50055000 38.08040000 
38.50255000 38.08189000 
38.50461000 38.08492000 
38.50455000 38.08338000 
38.50655000 38.08487000 
38.50862000 38.08790000 
38.50856000 38.08636000 
38.51062000 38.08939000 
38.51274000 38.09395000 
38.51268000 38.09242000 
38.51262000 38.09088000 
38.51468000 38.09391000 
38.51662000 38.09387000 
38.51857000 38.09382000 
38.52051000 38.09378000 
38.52245000 38.09374000 
38.52239000 38.09220000 
38.52434000 38.09216000 
38.52634000 38.09365000 
38.52834000 38.09514000 
38.53028000 38.09510000 
38.53229000 38.09659000 
38.53429000 38.09808000 
38.53623000 38.09804000 
38.53830000 38.10106000 
38.53824000 38.09953000 
38.54024000 38.10102000 
38.54218000 38.10098000 
38.54418000 38.10247000 
38.54619000 38.10396000 
38.54813000 38.10392000 
38.55013000 38.10541000 
38.55214000 38.10690000 
38.55414000 38.10839000 
38.55408000 38.10685000 
38.55609000 38.10834000 
38.55803000 38.10830000 
38.56003000 38.10979000 
38.56204000 38.11128000 
38.56398000 38.11124000 
38.56604000 38.11426000 
38.56598000 38.11273000 
38.56799000 38.11422000 
38.56993000 38.11418000 
38.57194000 38.11567000 
38.57388000 38.11562000 
38.57588000 38.11711000 
38.57783000 38.11707000 
38.57977000 38.11703000 
38.58177000 38.11852000 
38.58378000 38.12001000 
38.58372000 38.11847000 
38.58572000 38.11996000 
38.58767000 38.11992000 
38.58967000 38.12141000 
38.59161000 38.12136000 
38.59362000 38.12285000 
38.59556000 38.12281000 
38.59757000 38.12430000 
38.59957000 38.12579000 
38.59951000 38.12426000 
38.60152000 38.12575000 
38.60352000 38.12724000 
38.60547000 38.12719000 
38.60747000 38.12868000 
38.60948000 38.13017000 
38.60941000 38.12864000 
38.61142000 38.13013000 
38.61336000 38.13008000 
38.61537000 38.13157000 
38.61731000 38.13153000 
38.61932000 38.13302000 
38.62126000 38.13297000 
38.62327000 38.13446000 
38.62528000 38.13595000 
38.62521000 38.13442000 
38.62722000 38.13591000 
38.62916000 38.13586000 
38.63111000 38.13582000 
38.63311000 38.13731000 
38.63305000 38.13577000 
38.63506000 38.13726000 
38.63700000 38.13722000 
38.63895000 38.13717000 
38.64089000 38.13713000 
38.64283000 38.13708000 
38.64484000 38.13857000 
38.64678000 38.13853000 
38.64879000 38.14001000 
38.65073000 38.13997000 
38.65274000 38.14146000 
38.65268000 38.13992000 
38.65468000 38.14141000 
38.65663000 38.14137000 
38.65857000 38.14132000 
38.69621000 38.15733000 
38.69615000 38.15580000 
38.69822000 38.15882000 
38.70023000 38.16031000 
38.70224000 38.16180000 
38.70425000 38.16328000 
38.70625000 38.16477000 
38.70826000 38.16626000 
38.71027000 38.16775000 
38.71228000 38.16924000 
38.71429000 38.17073000 
38.71423000 38.16919000 
38.71630000 38.17221000 
38.71824000 38.17217000 
38.72025000 38.17365000 
38.72226000 38.17514000 
38.72427000 38.17663000 
38.72628000 38.17812000 
38.72829000 38.17961000 
38.73030000 38.18109000 
38.73231000 38.18258000 
38.73432000 38.18407000 
38.73426000 38.18254000 
38.73627000 38.18402000 
38.73828000 38.18551000 
38.74022000 38.18546000 
38.74223000 38.18695000 
38.74418000 38.18690000 
38.74619000 38.18839000 
38.74813000 38.18834000 
38.75014000 38.18983000 
38.75215000 38.19132000 
38.75209000 38.18978000 
38.75416000 38.19281000 
38.75618000 38.19429000 
38.75812000 38.19425000 
38.76013000 38.19573000 
38.76214000 38.19722000 
38.76415000 38.19871000 
38.76616000 38.20020000 
38.76610000 38.19866000 
38.76818000 38.20168000 
38.77019000 38.20317000 
38.77213000 38.20312000 
38.77414000 38.20461000 
38.77616000 38.20610000 
38.77817000 38.20758000 
38.78018000 38.20907000 
38.78219000 38.21056000 
38.78420000 38.21204000 
38.78622000 38.21353000 
38.78615000 38.21200000 
38.78823000 38.21502000 
38.79024000 38.21650000 
38.79219000 38.21646000 
38.79420000 38.21794000 
38.79621000 38.21943000 
38.79822000 38.22092000 
38.80017000 38.22087000 
38.80218000 38.22235000 
38.80419000 38.22384000 
38.80621000 38.22533000 
38.80815000 38.22528000 
38.81017000 38.22677000 
38.81010000 38.22523000 
38.81218000 38.22825000 
38.81413000 38.22820000 
38.81614000 38.22969000 
38.81815000 38.23118000 
38.82010000 38.23113000 
38.82211000 38.23261000 
38.82413000 38.23410000 
38.82406000 38.23257000 
38.82614000 38.23559000 
38.82809000 38.23554000 
38.83010000 38.23702000 
38.83211000 38.23851000 
38.83413000 38.24000000 
38.83614000 38.24148000 
38.83815000 38.24297000 
38.84017000 38.24445000 
38.84218000 38.24594000 
38.84420000 38.24742000 
38.84614000 38.24738000 
38.84816000 38.24886000 
38.84809000 38.24733000 
38.85017000 38.25035000 
38.85219000 38.25183000 
38.85413000 38.25178000 
38.85615000 38.25327000 
38.85816000 38.25476000 
38.86018000 38.25624000 
38.86219000 38.25773000 
38.86213000 38.25619000 
38.86414000 38.25768000 
38.86616000 38.25916000 
38.86817000 38.26065000 
38.87019000 38.26213000 
38.87220000 38.26362000 
38.87422000 38.26510000 
38.87617000 38.26505000 
38.87818000 38.26654000 
38.88020000 38.26802000 
38.88221000 38.26951000 
38.88423000 38.27099000 
38.88618000 38.27095000 
38.88819000 38.27243000 
38.88812000 38.27090000 
38.89021000 38.27392000 
38.89216000 38.27387000 
38.89417000 38.27535000 
38.89612000 38.27530000 
38.89814000 38.27679000 
38.90015000 38.27827000 
38.90210000 38.27822000 
38.90412000 38.27971000 
38.90613000 38.28119000 
38.90808000 38.28114000 
38.91010000 38.28262000 
38.91212000 38.28411000 
38.91205000 38.28257000 
38.91413000 38.28559000 
38.91471796 38.28507307 
38.91464796 38.28354300 
38.91673796 38.28460938 
38.91874796 38.28608949 
38.92076796 38.28757960 
38.92278796 38.28905971 
38.92401000 38.28841000 
38.92603000 38.28990000 
38.92596000 38.28836000 
38.92798000 38.28985000 
38.92999000 38.29133000 
38.93194000 38.29128000 
38.93396000 38.29276000 
38.93598000 38.29425000 
38.93800000 38.29573000 
38.93994000 38.29568000 
38.94196000 38.29717000 
38.94398000 38.29865000 
38.94600000 38.30013000 
38.94802000 38.30162000 
38.94795000 38.30008000 
38.94996000 38.30157000 
38.95198000 38.30305000 
38.95400000 38.30454000 
38.95595000 38.30448000 
38.95797000 38.30597000 
38.95999000 38.30745000 
38.96194000 38.30740000 
38.96395000 38.30889000 
38.96597000 38.31037000 
38.96792000 38.31032000 
38.96994000 38.31180000 
38.97196000 38.31328000 
38.97189000 38.31175000 
38.97398000 38.31477000 
38.97593000 38.31472000 
38.97795000 38.31620000 
38.97997000 38.31768000 
38.98199000 38.31917000 
38.98393000 38.31912000 
38.98595000 38.32060000 
38.98797000 38.32208000 
38.98999000 38.32357000 
38.99194000 38.32351000 
38.99396000 38.32500000 
38.99598000 38.32648000 
38.99800000 38.32796000 
38.99995000 38.32791000 
39.00197000 38.32940000 
39.00399000 38.33088000 
39.00594000 38.33083000 
39.00796000 38.33231000 
39.00789000 38.33077000 
39.00998000 38.33379000 
39.01193000 38.33374000 
39.01395000 38.33522000 
39.01590000 38.33517000 
39.01792000 38.33665000 
39.01987000 38.33660000 
39.02189000 38.33808000 
39.02392000 38.33957000 
39.02586000 38.33952000 
39.02789000 38.34100000 
39.02781000 38.33946000 
39.02984000 38.34095000 
39.03178000 38.34089000 
39.03381000 38.34238000 
39.03576000 38.34232000 
39.03778000 38.34381000 
39.03973000 38.34375000 
39.04175000 38.34524000 
39.04370000 38.34518000 
39.04565000 38.34513000 
39.04767000 38.34661000 
39.04962000 38.34656000 
39.05164000 38.34804000 
39.05359000 38.34799000 
39.05561000 38.34947000 
39.05554000 38.34794000 
39.05756000 38.34942000 
39.05951000 38.34937000 
39.06153000 38.35085000 
39.06348000 38.35080000 
39.06551000 38.35228000 
39.06746000 38.35223000 
39.06941000 38.35217000 
39.07143000 38.35366000 
39.07338000 38.35360000 
39.07540000 38.35508000 
39.07735000 38.35503000 
39.07930000 38.35498000 
39.08132000 38.35646000 
39.08327000 38.35641000 
39.08530000 38.35789000 
39.08522000 38.35635000 
39.08725000 38.35784000 
39.08927000 38.35932000 
39.09122000 38.35926000 
39.09324000 38.36074000 
39.09519000 38.36069000 
39.09722000 38.36217000 
39.09917000 38.36212000 
39.10119000 38.36360000 
39.10314000 38.36355000 
39.10516000 38.36503000 
39.10711000 38.36497000 
39.10914000 38.36646000 
39.11109000 38.36640000 
39.11311000 38.36788000 
39.11304000 38.36635000 
39.11506000 38.36783000 
39.11709000 38.36931000 
39.11904000 38.36926000 
39.12099000 38.36920000 
39.12301000 38.37068000 
39.12496000 38.37063000 
39.12699000 38.37211000 
39.12894000 38.37206000 
39.13089000 38.37200000 
39.13291000 38.37348000 
39.13284000 38.37195000 
39.13486000 38.37343000 
39.13681000 38.37338000 
39.13876000 38.37332000 
39.14079000 38.37480000 
39.14274000 38.37475000 
39.14469000 38.37469000 
39.14664000 38.37464000 
39.14866000 38.37612000 
39.15061000 38.37607000 
39.15256000 38.37601000 
39.15459000 38.37749000 
39.15451000 38.37596000 
39.15661000 38.37897000 
39.15864000 38.38045000 
39.16066000 38.38193000 
39.16262000 38.38188000 
39.16464000 38.38336000 
39.16667000 38.38484000 
39.16869000 38.38632000 
39.17072000 38.38780000 
39.17267000 38.38774000 
39.17469000 38.38922000 
39.17672000 38.39070000 
39.17665000 38.38917000 
39.17867000 38.39065000 
39.18070000 38.39213000 
39.18272000 38.39361000 
39.18467000 38.39355000 
39.18670000 38.39503000 
39.18865000 38.39498000 
39.19068000 38.39646000 
39.19271000 38.39794000 
39.19466000 38.39788000 
39.19668000 38.39936000 
39.19661000 38.39783000 
39.19863000 38.39931000 
39.20066000 38.40079000 
39.20261000 38.40073000 
39.20464000 38.40221000 
39.20659000 38.40215000 
39.20862000 38.40363000 
39.21057000 38.40358000 
39.21260000 38.40506000 
39.21455000 38.40500000 
39.21657000 38.40648000 
39.21650000 38.40495000 
39.21853000 38.40643000 
39.22055000 38.40791000 
39.22250000 38.40785000 
39.22453000 38.40933000 
39.22656000 38.41081000 
39.22851000 38.41075000 
39.23054000 38.41223000 
39.23249000 38.41218000 
39.23452000 38.41365000 
39.23655000 38.41513000 
39.23647000 38.41360000 
39.23850000 38.41508000 
39.24053000 38.41656000 
39.24255000 38.41803000 
39.24451000 38.41798000 
39.24653000 38.41946000 
39.24856000 38.42094000 
39.25051000 38.42088000 
39.25254000 38.42236000 
39.25247000 38.42082000 
39.25449000 38.42230000 
39.25645000 38.42225000 
39.25848000 38.42372000 
39.26043000 38.42367000 
39.26246000 38.42515000 
39.26441000 38.42509000 
39.26644000 38.42657000 
39.26839000 38.42651000 
39.27034000 38.42646000 
39.27237000 38.42793000 
39.27432000 38.42788000 
39.27635000 38.42936000 
39.27830000 38.42930000 
39.28041000 38.43231000 
39.28033000 38.43078000 
39.28236000 38.43225000 
39.28439000 38.43373000 
39.28642000 38.43521000 
39.28837000 38.43515000 
39.29040000 38.43663000 
39.29033000 38.43510000 
39.29236000 38.43657000 
39.29439000 38.43805000 
39.29642000 38.43953000 
39.29837000 38.43947000 
39.49258000 38.52432000 
39.49453000 38.52426000 
39.49657000 38.52574000 
39.49852000 38.52568000 
39.50056000 38.52715000 
39.50252000 38.52709000 
39.50447000 38.52703000 
39.50651000 38.52850000 
39.50846000 38.52844000 
39.51050000 38.52992000 
39.51246000 38.52986000 
39.51449000 38.53133000 
39.51645000 38.53127000 
39.51840000 38.53121000 
39.52044000 38.53268000 
39.52240000 38.53262000 
39.52443000 38.53409000 
39.52639000 38.53403000 
39.52843000 38.53551000 
39.53046000 38.53698000 
39.53038000 38.53545000 
39.53242000 38.53692000 
39.53437000 38.53686000 
39.53633000 38.53680000 
39.53837000 38.53827000 
39.54032000 38.53821000 
39.54236000 38.53968000 
39.54432000 38.53962000 
39.54635000 38.54109000 
39.54831000 38.54103000 
39.55035000 38.54251000 
39.55230000 38.54244000 
39.55434000 38.54392000 
39.55630000 38.54386000 
39.55825000 38.54379000 
39.56029000 38.54527000 
39.56225000 38.54521000 
39.56429000 38.54668000 
39.56624000 38.54662000 
39.56828000 38.54809000 
39.57024000 38.54803000 
39.57227000 38.54950000 
39.57423000 38.54944000 
39.57619000 38.54938000 
39.57822000 38.55085000 
39.58018000 38.55079000 
39.58222000 38.55226000 
39.58426000 38.55373000 
39.58418000 38.55220000 
39.58622000 38.55367000 
39.58817000 38.55361000 
39.59021000 38.55508000 
39.59217000 38.55502000 
39.59412000 38.55496000 
39.59616000 38.55643000 
39.59812000 38.55637000 
39.60016000 38.55784000 
39.60211000 38.55778000 
39.60415000 38.55925000 
39.60611000 38.55919000 
39.60806000 38.55912000 
39.61010000 38.56060000 
39.61206000 38.56053000 
39.61410000 38.56200000 
39.61606000 38.56194000 
39.61810000 38.56341000 
39.62005000 38.56335000 
39.62201000 38.56329000 
39.62405000 38.56476000 
39.62601000 38.56470000 
39.62805000 38.56617000 
39.63000000 38.56611000 
39.63204000 38.56758000 
39.63409000 38.56905000 
39.63400000 38.56752000 
39.63604000 38.56899000 
39.63800000 38.56892000 
39.63995000 38.56886000 
39.64199000 38.57033000 
39.64395000 38.57027000 
39.64599000 38.57174000 
39.64803000 38.57321000 
39.64999000 38.57315000 
39.65203000 38.57462000 
39.65399000 38.57456000 
39.65603000 38.57603000 
39.65799000 38.57596000 
39.66003000 38.57744000 
39.66198000 38.57737000 
39.66403000 38.57884000 
39.66598000 38.57878000 
39.66802000 38.58025000 
39.66998000 38.58019000 
39.67202000 38.58166000 
39.67398000 38.58159000 
39.67602000 38.58307000 
39.67806000 38.58454000 
39.67798000 38.58300000 
39.68002000 38.58447000 
39.68198000 38.58441000 
39.68402000 38.58588000 
39.68598000 38.58582000 
39.68802000 38.58729000 
39.68998000 38.58722000 
39.69202000 38.58869000 
39.69398000 38.58863000 
39.69602000 38.59010000 
39.69798000 38.59004000 
39.70002000 38.59151000 
39.70197000 38.59144000 
39.70402000 38.59291000 
39.70598000 38.59285000 
39.70802000 38.59432000 
39.70998000 38.59425000 
39.71202000 38.59572000 
39.71398000 38.59566000 
39.71602000 38.59713000 
39.71798000 38.59707000 
39.72002000 38.59854000 
39.72198000 38.59847000 
39.72402000 38.59994000 
39.72607000 38.60141000 
39.72598000 38.59988000 
39.72802000 38.60135000 
39.72998000 38.60128000 
39.73202000 38.60275000 
39.73398000 38.60269000 
39.73594000 38.60262000 
39.73798000 38.60409000 
39.73994000 38.60403000 
39.74190000 38.60396000 
39.74394000 38.60543000 
39.74590000 38.60537000 
39.74785000 38.60530000 
39.74990000 38.60677000 
39.75186000 38.60671000 
39.75390000 38.60818000 
39.75586000 38.60811000 
39.75781000 38.60805000 
39.75986000 38.60951000 
39.76182000 38.60945000 
39.76377000 38.60938000 
39.76582000 38.61085000 
39.76778000 38.61079000 
39.76982000 38.61226000 
39.76973000 38.61072000 
39.77178000 38.61219000 
39.77374000 38.61213000 
39.77578000 38.61360000 
39.77774000 38.61353000 
39.77978000 38.61500000 
39.78183000 38.61647000 
39.78379000 38.61640000 
39.78583000 38.61787000 
39.78779000 38.61781000 
39.78984000 38.61927000 
39.79179000 38.61921000 
39.79384000 38.62068000 
39.79589000 38.62215000 
39.79580000 38.62061000 
39.79784000 38.62208000 
39.79980000 38.62201000 
39.80194000 38.62502000 
39.80185000 38.62348000 
39.80399000 38.62649000 
39.80603000 38.62795000 
39.80808000 38.62942000 
39.81013000 38.63089000 
39.81217000 38.63236000 
39.81422000 38.63383000 
39.81627000 38.63530000 
39.81850000 38.63983000 
39.81841000 38.63830000 
39.81832000 38.63676000 
39.82054000 38.64130000 
39.82259000 38.64277000 
39.82464000 38.64424000 
39.82669000 38.64571000 
39.82874000 38.64717000 
39.82865000 38.64564000 
39.83069000 38.64711000 
39.83274000 38.64858000 
39.83479000 38.65004000 
39.83675000 38.64998000 
39.83880000 38.65144000 
39.84085000 38.65291000 
39.84280000 38.65285000 
39.84485000 38.65431000 
39.84681000 38.65425000 
39.84886000 38.65571000 
39.85091000 38.65718000 
39.85287000 38.65712000 
39.85492000 38.65858000 
39.85697000 38.66005000 
39.85892000 38.65998000 
39.86097000 38.66145000 
39.86293000 38.66138000 
39.86498000 38.66285000 
39.86703000 38.66432000 
39.86899000 38.66425000 
39.87104000 38.66572000 
39.87300000 38.66565000 
39.87505000 38.66712000 
39.87495000 38.66558000 
39.87710000 38.66859000 
39.87905000 38.66852000 
39.88110000 38.66999000 
39.88306000 38.66992000 
39.88511000 38.67139000 
39.88707000 38.67132000 
39.88912000 38.67279000 
39.89108000 38.67272000 
39.89313000 38.67418000 
39.89518000 38.67565000 
39.89714000 38.67558000 
39.89919000 38.67705000 
39.90115000 38.67698000 
39.90320000 38.67845000 
39.90525000 38.67992000 
39.90516000 38.67838000 
39.90721000 38.67985000 
39.90926000 38.68132000 
39.91131000 38.68278000 
39.91336000 38.68425000 
39.91532000 38.68418000 
39.91737000 38.68565000 
39.91942000 38.68711000 
39.92148000 38.68858000 
39.92343000 38.68851000 
39.92549000 38.68998000 
39.92754000 38.69144000 
39.92959000 38.69291000 
39.93155000 38.69284000 
39.93360000 38.69431000 
39.93565000 38.69577000 
39.93771000 38.69724000 
39.93966000 38.69717000 
39.94172000 38.69864000 
39.94377000 38.70010000 
39.94573000 38.70004000 
39.94778000 38.70150000 
39.94769000 38.69997000 
39.94974000 38.70143000 
39.95179000 38.70290000 
39.95385000 38.70436000 
39.95580000 38.70430000 
39.95786000 38.70576000 
39.95982000 38.70569000 
39.96187000 38.70716000 
39.96383000 38.70709000 
39.96588000 38.70856000 
39.96784000 38.70849000 
39.96989000 38.70995000 
39.97185000 38.70988000 
39.97391000 38.71135000 
39.97596000 38.71281000 
39.97792000 38.71274000 
39.97997000 38.71421000 
39.98193000 38.71414000 
39.98399000 38.71561000 
39.98604000 38.71707000 
39.98595000 38.71554000 
39.98810000 38.71854000 
39.99015000 38.72000000 
39.99211000 38.71993000 
39.99416000 38.72140000 
39.99622000 38.72286000 
39.99827000 38.72433000 
40.00033000 38.72579000 
40.00238000 38.72726000 
40.00444000 38.72872000 
40.00649000 38.73019000 
40.00854000 38.73165000 
40.01060000 38.73312000 
40.01265000 38.73458000 
40.01471000 38.73605000 
40.01676000 38.73751000 
40.01882000 38.73898000 
40.02097000 38.74197000 
40.02087000 38.74044000 
40.02078000 38.73891000 
40.02312000 38.74497000 
40.02303000 38.74344000 
40.02527000 38.74797000 
40.02518000 38.74644000 
40.02752000 38.75251000 
40.02742000 38.75097000 
40.02733000 38.74944000 
40.02957000 38.75397000 
40.03153000 38.75390000 
40.03359000 38.75536000 
40.03349000 38.75383000 
40.03555000 38.75529000 
40.03751000 38.75522000 
40.03947000 38.75515000 
40.04143000 38.75508000 
40.04339000 38.75501000 
40.04545000 38.75648000 
40.04741000 38.75641000 
40.04937000 38.75634000 
40.05133000 38.75627000 
40.05329000 38.75620000 
40.05525000 38.75613000 
40.05731000 38.75759000 
40.05927000 38.75752000 
40.06123000 38.75745000 
40.06329000 38.75891000 
40.06319000 38.75738000 
40.06535000 38.76038000 
40.06740000 38.76184000 
40.06946000 38.76330000 
40.07152000 38.76477000 
40.07357000 38.76623000 
40.07563000 38.76769000 
40.07769000 38.76916000 
40.07975000 38.77062000 
40.08180000 38.77209000 
40.08386000 38.77355000 
40.08592000 38.77501000 
40.08788000 38.77494000 
40.08994000 38.77640000 
40.08984000 38.77487000 
40.09190000 38.77633000 
40.09396000 38.77780000 
40.09592000 38.77773000 
40.09798000 38.77919000 
40.09994000 38.77912000 
40.10200000 38.78058000 
40.10396000 38.78051000 
40.10592000 38.78044000 
40.10798000 38.78190000 
40.10994000 38.78183000 
40.11200000 38.78329000 
40.11396000 38.78322000 
40.11602000 38.78468000 
40.11798000 38.78461000 
40.11994000 38.78454000 
40.12190000 38.78447000 
40.12387000 38.78440000 
40.12583000 38.78433000 
40.12779000 38.78425000 
40.12975000 38.78418000 
40.13171000 38.78411000 
40.13367000 38.78404000 
40.13563000 38.78397000 
40.13769000 38.78543000 
40.13760000 38.78389000 
40.13965000 38.78536000 
40.14162000 38.78529000 
40.14358000 38.78521000 
40.14554000 38.78514000 
40.14750000 38.78507000 
40.14946000 38.78500000 
40.15142000 38.78492000 
40.15339000 38.78485000 
40.15535000 38.78478000 
40.15731000 38.78471000 
40.15927000 38.78464000 
40.16123000 38.78456000 
40.16319000 38.78449000 
40.16515000 38.78442000 
40.16712000 38.78435000 
40.16908000 38.78427000 
40.16898000 38.78274000 
40.17094000 38.78267000 
40.17290000 38.78259000 
40.17486000 38.78252000 
40.17682000 38.78245000 
40.17879000 38.78238000 
40.18075000 38.78230000 
40.18271000 38.78223000 
40.18477000 38.78369000 
40.18467000 38.78216000 
40.18673000 38.78362000 
40.18879000 38.78508000 
40.19075000 38.78501000 
40.19271000 38.78494000 
40.19477000 38.78640000 
40.19674000 38.78632000 
40.19880000 38.78778000 
40.20076000 38.78771000 
40.20282000 38.78917000 
40.20272000 38.78764000 
40.20488000 38.79063000 
40.20694000 38.79210000 
40.20900000 38.79356000 
40.21106000 38.79502000 
40.21312000 38.79648000 
40.21509000 38.79641000 
40.21715000 38.79787000 
40.21705000 38.79633000 
40.21911000 38.79779000 
40.22107000 38.79772000 
40.22303000 38.79765000 
40.22499000 38.79757000 
40.22706000 38.79903000 
40.22902000 38.79896000 
40.23098000 38.79889000 
40.23294000 38.79881000 
40.23500000 38.80027000 
40.23697000 38.80020000 
40.23883000 38.79859000 
40.24079000 38.79852000 
40.24275000 38.79844000 
40.24461000 38.79684000 
40.24657000 38.79676000 
40.24844000 38.79515000 
40.25040000 38.79508000 
40.25030000 38.79355000 
40.25226000 38.79347000 
40.25422000 38.79340000 
40.25628000 38.79486000 
40.25618000 38.79332000 
40.25824000 38.79478000 
40.26021000 38.79471000 
40.26217000 38.79464000 
40.26413000 38.79456000 
40.26619000 38.79602000 
40.26815000 38.79595000 
40.27011000 38.79587000 
40.27208000 38.79580000 
40.27414000 38.79726000 
40.27610000 38.79718000 
40.27806000 38.79711000 
40.28002000 38.79703000 
40.28209000 38.79849000 
40.28405000 38.79842000 
40.28601000 38.79835000 
40.28797000 38.79827000 
40.29004000 38.79973000 
40.29200000 38.79966000 
40.29406000 38.80112000 
40.29612000 38.80257000 
40.29809000 38.80250000 
40.30015000 38.80396000 
40.30211000 38.80388000 
40.30417000 38.80534000 
40.30614000 38.80527000 
40.30820000 38.80673000 
40.31016000 38.80665000 
40.31223000 38.80811000 
40.31419000 38.80804000 
40.31625000 38.80950000 
40.31821000 38.80942000 
40.32028000 38.81088000 
40.32224000 38.81080000 
40.32430000 38.81226000 
40.32637000 38.81372000 
40.32627000 38.81219000 
40.32833000 38.81365000 
40.55865000 38.89994000 
40.56062000 38.89986000 
40.56269000 38.90132000 
40.56476000 38.90277000 
40.56673000 38.90269000 
40.56880000 38.90415000 
40.57087000 38.90560000 
40.57294000 38.90706000 
40.57502000 38.90851000 
40.57709000 38.90996000 
40.57916000 38.91142000 
40.58113000 38.91134000 
40.58320000 38.91279000 
40.58527000 38.91425000 
40.58735000 38.91570000 
40.58942000 38.91716000 
40.59160000 38.92014000 
40.59149000 38.91861000 
40.59357000 38.92006000 
40.59553000 38.91998000 
40.59760000 38.92144000 
40.59968000 38.92289000 
40.60175000 38.92435000 
40.60382000 38.92580000 
40.60579000 38.92572000 
40.60786000 38.92717000 
40.60994000 38.92863000 
40.61201000 38.93008000 
40.61409000 38.93153000 
40.61616000 38.93299000 
40.61813000 38.93291000 
40.62020000 38.93436000 
40.62228000 38.93581000 
40.62435000 38.93727000 
40.62642000 38.93872000 
40.62839000 38.93864000 
40.63046000 38.94009000 
40.63254000 38.94155000 
40.63462000 38.94300000 
40.63669000 38.94445000 
40.63877000 38.94591000 
40.63866000 38.94437000 
40.64095000 38.94889000 
40.64084000 38.94736000 
40.64314000 38.95188000 
40.64303000 38.95035000 
40.64532000 38.95487000 
40.64521000 38.95334000 
40.64751000 38.95786000 
40.64740000 38.95632000 
40.64969000 38.96084000 
40.64958000 38.95931000 
40.65188000 38.96383000 
40.65177000 38.96230000 
40.65417000 38.96835000 
40.65406000 38.96682000 
40.65395000 38.96528000 
40.65636000 38.97134000 
40.65625000 38.96981000 
40.65855000 38.97433000 
40.65844000 38.97279000 
40.66073000 38.97731000 
40.66062000 38.97578000 
40.66292000 38.98030000 
40.66281000 38.97877000 
40.66511000 38.98329000 
40.66500000 38.98175000 
40.66719000 38.98474000 
40.66926000 38.98619000 
40.67156000 38.99071000 
40.67145000 38.98918000 
40.67134000 38.98765000 
40.67364000 38.99217000 
40.67572000 38.99362000 
40.67790000 38.99661000 
40.67779000 38.99507000 
40.67998000 38.99806000 
40.68206000 38.99951000 
40.68414000 39.00096000 
40.68403000 38.99943000 
40.68622000 39.00242000 
40.68829000 39.00387000 
40.69037000 39.00532000 
40.69245000 39.00677000 
40.69453000 39.00823000 
40.69661000 39.00968000 
40.69869000 39.01113000 
40.70273000 39.01250000 
40.70481000 39.01395000 
40.70689000 39.01540000 
40.70908000 39.01839000 
40.70897000 39.01686000 
40.71116000 39.01984000 
40.71105000 39.01831000 
40.71324000 39.02129000 
40.71532000 39.02275000 
40.71740000 39.02420000 
40.71948000 39.02565000 
40.72156000 39.02710000 
40.72364000 39.02855000 
40.72583000 39.03154000 
40.72572000 39.03001000 
40.72791000 39.03299000 
40.72999000 39.03444000 
40.73207000 39.03589000 
40.73426000 39.03888000 
40.73415000 39.03735000 
40.73623000 39.03880000 
40.73831000 39.04025000 
40.74039000 39.04170000 
40.74236000 39.04162000 
40.74444000 39.04307000 
40.74652000 39.04452000 
40.74849000 39.04444000 
40.75057000 39.04589000 
40.75265000 39.04734000 
40.75462000 39.04726000 
40.75670000 39.04871000 
40.75878000 39.05016000 
40.76075000 39.05008000 
40.76283000 39.05153000 
40.76491000 39.05298000 
40.76688000 39.05290000 
40.76907000 39.05588000 
40.76896000 39.05435000 
40.77104000 39.05580000 
40.77312000 39.05725000 
40.77521000 39.05870000 
40.77729000 39.06015000 
40.77937000 39.06160000 
40.78156000 39.06459000 
40.78145000 39.06305000 
40.78365000 39.06604000 
40.78573000 39.06749000 
40.78781000 39.06894000 
40.78989000 39.07039000 
40.79198000 39.07184000 
40.79406000 39.07329000 
40.79626000 39.07627000 
40.79614000 39.07474000 
40.79845000 39.07926000 
40.79834000 39.07772000 
40.80065000 39.08224000 
40.80053000 39.08071000 
40.80284000 39.08523000 
40.80273000 39.08369000 
40.80504000 39.08821000 
40.80493000 39.08668000 
40.80724000 39.09120000 
40.80713000 39.08966000 
40.80932000 39.09265000 
40.81152000 39.09563000 
40.81141000 39.09410000 
40.81372000 39.09861000 
40.81360000 39.09708000 
40.81580000 39.10007000 
40.81811000 39.10458000 
40.81800000 39.10305000 
40.81789000 39.10152000 
40.82008000 39.10450000 
40.82217000 39.10595000 
40.82437000 39.10893000 
40.82425000 39.10740000 
40.82645000 39.11038000 
40.82865000 39.11337000 
40.82854000 39.11183000 
40.83073000 39.11482000 
40.83282000 39.11627000 
40.83513000 39.12079000 
40.83502000 39.11925000 
40.83490000 39.11772000 
40.83722000 39.12224000 
40.83930000 39.12368000 
40.84139000 39.12513000 
40.84347000 39.12658000 
40.84556000 39.12803000 
40.84765000 39.12948000 
40.84973000 39.13093000 
40.85239000 39.14005000 
40.85228000 39.13852000 
40.85216000 39.13698000 
40.85193000 39.13392000 
40.85182000 39.13238000 
40.85459000 39.14304000 
40.85448000 39.14150000 
40.85402000 39.13537000 
40.85691000 39.14755000 
40.85679000 39.14602000 
40.85668000 39.14449000 
40.85610000 39.13682000 
40.85911000 39.15054000 
40.85899000 39.14900000 
40.85807000 39.13673000 
40.86131000 39.15352000 
40.86120000 39.15199000 
40.86351000 39.15651000 
40.86340000 39.15497000 
40.86560000 39.15795000 
40.86548000 39.15642000 
40.86757000 39.15787000 
40.86966000 39.15932000 
40.87175000 39.16077000 
40.87372000 39.16068000 
40.87580000 39.16213000 
40.87789000 39.16358000 
40.87778000 39.16205000 
40.87986000 39.16350000 
40.88195000 39.16494000 
40.88404000 39.16639000 
40.88613000 39.16784000 
40.88821000 39.16929000 
40.89030000 39.17074000 
40.89227000 39.17065000 
40.89436000 39.17210000 
40.89645000 39.17355000 
40.89854000 39.17500000 
40.89842000 39.17347000 
40.90063000 39.17645000 
40.90271000 39.17790000 
40.90480000 39.17935000 
40.90689000 39.18079000 
40.90886000 39.18071000 
40.91095000 39.18216000 
40.91304000 39.18361000 
40.91513000 39.18505000 
40.91722000 39.18650000 
40.91919000 39.18642000 
40.92128000 39.18786000 
40.92325000 39.18778000 
40.92534000 39.18923000 
40.92731000 39.18914000 
40.92940000 39.19059000 
40.93149000 39.19204000 
40.93347000 39.19195000 
40.93567000 39.19493000 
40.93556000 39.19340000 
40.93765000 39.19485000 
40.93973000 39.19629000 
40.94194000 39.19928000 
40.94182000 39.19774000 
40.94403000 39.20072000 
40.94624000 39.20371000 
40.94612000 39.20217000 
40.94833000 39.20515000 
40.95054000 39.20814000 
40.95042000 39.20660000 
40.95263000 39.20958000 
40.95251000 39.20805000 
40.95472000 39.21103000 
40.95693000 39.21401000 
40.95681000 39.21248000 
40.95913000 39.21699000 
40.95902000 39.21546000 
40.97365000 39.22559000 
40.97563000 39.22551000 
40.97772000 39.22695000 
40.97981000 39.22840000 
40.98190000 39.22985000 
40.98388000 39.22976000 
40.98597000 39.23121000 
40.98806000 39.23265000 
40.99027000 39.23563000 
40.99015000 39.23410000 
40.99224000 39.23555000 
40.99422000 39.23546000 
40.99631000 39.23691000 
40.99864000 39.24142000 
40.99852000 39.23989000 
40.99840000 39.23835000 
41.00073000 39.24287000 
41.00282000 39.24432000 
41.00492000 39.24576000 
41.00701000 39.24721000 
41.00910000 39.24866000 
41.01119000 39.25010000 
41.01329000 39.25155000 
41.01538000 39.25300000 
41.01747000 39.25444000 
41.01957000 39.25589000 
41.01945000 39.25435000 
41.02154000 39.25580000 
41.02364000 39.25725000 
41.02573000 39.25869000 
41.02782000 39.26014000 
41.02992000 39.26159000 
41.03189000 39.26150000 
41.03399000 39.26294000 
41.03608000 39.26439000 
41.03817000 39.26584000 
41.04027000 39.26728000 
41.04224000 39.26719000 
41.04434000 39.26864000 
41.04422000 39.26711000 
41.04643000 39.27009000 
41.04852000 39.27153000 
41.05050000 39.27144000 
41.05259000 39.27289000 
41.05469000 39.27434000 
41.05678000 39.27578000 
41.05876000 39.27569000 
41.06085000 39.27714000 
41.06295000 39.27858000 
41.06504000 39.28003000 
41.06702000 39.27994000 
41.06911000 39.28139000 
41.07121000 39.28283000 
41.07330000 39.28428000 
41.07318000 39.28274000 
41.07528000 39.28419000 
41.07738000 39.28563000 
41.07947000 39.28708000 
41.08157000 39.28852000 
41.08366000 39.28997000 
41.08576000 39.29142000 
41.08785000 39.29286000 
41.08995000 39.29431000 
41.08983000 39.29277000 
41.09193000 39.29422000 
41.09402000 39.29566000 
41.09612000 39.29711000 
41.09822000 39.29855000 
41.10019000 39.29846000 
41.10229000 39.29991000 
41.10438000 39.30135000 
41.10648000 39.30280000 
41.10846000 39.30271000 
41.11055000 39.30415000 
41.11265000 39.30560000 
41.11475000 39.30704000 
41.11672000 39.30695000 
41.12450000 39.30506000 
41.12438000 39.30353000 
41.12660000 39.30650000 
41.12870000 39.30795000 
41.13080000 39.30939000 
41.13289000 39.31084000 
