35.35709000 36.53794000 
35.35898000 36.53949000 
35.36087000 36.54103000 
35.36276000 36.54258000 
35.36464000 36.54412000 
35.36653000 36.54567000 
35.36842000 36.54721000 
35.37031000 36.54876000 
35.37219000 36.55030000 
35.37408000 36.55185000 
35.37597000 36.55339000 
35.37785000 36.55647000 
35.37786000 36.55494000 
35.37975000 36.55648000 
35.38163000 36.55803000 
35.38352000 36.55957000 
35.38541000 36.56112000 
35.38730000 36.56266000 
35.38919000 36.56421000 
35.39109000 36.56422000 
35.39298000 36.56577000 
35.39487000 36.56731000 
35.39675000 36.56886000 
35.39863000 36.57193000 
35.39864000 36.57040000 
35.40053000 36.57194000 
35.40242000 36.57349000 
35.40431000 36.57503000 
35.40620000 36.57658000 
35.40810000 36.57659000 
35.40999000 36.57814000 
35.41188000 36.57968000 
35.41377000 36.58123000 
35.41566000 36.58277000 
35.41755000 36.58431000 
35.41945000 36.58433000 
35.42133000 36.58740000 
35.42134000 36.58587000 
35.42323000 36.58742000 
35.42512000 36.58896000 
35.42701000 36.59050000 
35.42890000 36.59205000 
35.43079000 36.59359000 
35.43268000 36.59514000 
35.43457000 36.59668000 
35.43645000 36.59976000 
35.43646000 36.59823000 
35.43835000 36.59977000 
35.44024000 36.60131000 
35.44213000 36.60286000 
35.44402000 36.60440000 
35.44591000 36.60748000 
35.44592000 36.60595000 
35.44781000 36.60749000 
35.44970000 36.60903000 
35.45160000 36.60905000 
35.45349000 36.61059000 
35.45538000 36.61213000 
35.45727000 36.61368000 
35.45917000 36.61522000 
35.46106000 36.61676000 
35.46294000 36.61984000 
35.46295000 36.61831000 
35.46483000 36.62138000 
35.46484000 36.61985000 
35.46672000 36.62293000 
35.46860000 36.62600000 
35.46861000 36.62447000 
35.47050000 36.62755000 
35.47238000 36.63062000 
35.47239000 36.62909000 
35.47427000 36.63217000 
35.47615000 36.63677000 
35.47615000 36.63524000 
35.47616000 36.63371000 
35.47805000 36.63678000 
35.47994000 36.63833000 
35.48183000 36.63987000 
35.48373000 36.64142000 
35.48562000 36.64296000 
35.48750000 36.64603000 
35.48751000 36.64450000 
35.48940000 36.64758000 
35.49129000 36.64912000 
35.49318000 36.65066000 
35.49507000 36.65374000 
35.49508000 36.65221000 
35.49696000 36.65528000 
35.49697000 36.65375000 
35.49885000 36.65683000 
35.50075000 36.65837000 
35.50263000 36.66144000 
35.50264000 36.65991000 
35.50453000 36.66299000 
35.50641000 36.66606000 
35.50642000 36.66453000 
35.50831000 36.66761000 
35.51020000 36.66915000 
35.51208000 36.67222000 
35.51209000 36.67069000 
35.51398000 36.67377000 
35.51587000 36.67531000 
35.51777000 36.67685000 
35.51966000 36.67839000 
35.52155000 36.68147000 
35.52156000 36.67994000 
35.52344000 36.68301000 
35.52534000 36.68456000 
35.52723000 36.68610000 
35.52912000 36.68917000 
35.52913000 36.68764000 
35.53102000 36.69072000 
35.53102000 36.68918000 
35.53291000 36.69226000 
35.53481000 36.69380000 
35.53669000 36.69688000 
35.53670000 36.69534000 
35.53859000 36.69842000 
35.54049000 36.69996000 
35.54237000 36.70304000 
35.54238000 36.70150000 
35.54426000 36.70611000 
35.54427000 36.70458000 
35.54617000 36.70612000 
35.54805000 36.70920000 
35.54806000 36.70766000 
35.54995000 36.71074000 
35.55184000 36.71381000 
35.55185000 36.71228000 
35.55374000 36.71535000 
35.55562000 36.71843000 
35.55563000 36.71690000 
35.55752000 36.71997000 
35.55942000 36.72151000 
35.56131000 36.72459000 
35.56131000 36.72306000 
35.56320000 36.72766000 
35.56320000 36.72613000 
35.56510000 36.72767000 
35.57076000 36.73843000 
35.57266000 36.73997000 
35.57267000 36.73844000 
35.57456000 36.74151000 
35.57646000 36.74305000 
35.57835000 36.74460000 
35.58025000 36.74614000 
35.58215000 36.74768000 
35.58405000 36.74922000 
35.58595000 36.74923000 
35.58784000 36.75231000 
35.58785000 36.75077000 
35.58786000 36.74924000 
35.58974000 36.75385000 
35.59164000 36.75539000 
35.59354000 36.75693000 
35.59544000 36.75847000 
35.59734000 36.76001000 
35.59924000 36.76156000 
35.60113000 36.76310000 
35.60303000 36.76617000 
35.60303000 36.76464000 
35.60304000 36.76311000 
35.60493000 36.76771000 
35.60682000 36.76925000 
35.60872000 36.77080000 
35.61062000 36.77234000 
35.61252000 36.77388000 
35.61253000 36.77235000 
35.61443000 36.77389000 
35.61633000 36.77543000 
35.61823000 36.77697000 
35.62013000 36.77698000 
35.62203000 36.77852000 
35.62393000 36.78006000 
35.62583000 36.78160000 
35.62774000 36.78161000 
35.62964000 36.78315000 
35.62965000 36.78162000 
35.63154000 36.78469000 
35.63345000 36.78470000 
35.63535000 36.78624000 
35.63725000 36.78779000 
35.63915000 36.78933000 
35.64105000 36.78934000 
35.64295000 36.79088000 
35.64485000 36.79242000 
35.64486000 36.79088000 
35.64676000 36.79243000 
35.64866000 36.79397000 
35.65056000 36.79551000 
35.65247000 36.79552000 
35.65437000 36.79706000 
35.65628000 36.79707000 
35.65818000 36.79861000 
35.66008000 36.80015000 
35.66008000 36.79861000 
35.66199000 36.80015000 
35.66389000 36.80170000 
35.66579000 36.80170000 
35.66770000 36.80324000 
35.66960000 36.80478000 
35.67150000 36.80479000 
35.67341000 36.80480000 
35.67531000 36.80634000 
35.67532000 36.80481000 
35.67722000 36.80635000 
35.67912000 36.80789000 
35.68103000 36.80790000 
35.68293000 36.80944000 
35.68294000 36.80791000 
35.68483000 36.81098000 
35.68673000 36.81252000 
35.68864000 36.81253000 
35.69054000 36.81407000 
35.69245000 36.81561000 
35.69245000 36.81407000 
35.69435000 36.81561000 
35.69626000 36.81715000 
35.69816000 36.81716000 
35.70007000 36.81870000 
35.70197000 36.81871000 
35.70388000 36.81872000 
35.70578000 36.82026000 
35.70579000 36.81872000 
35.70769000 36.82026000 
35.70959000 36.82180000 
35.71150000 36.82181000 
35.71340000 36.82335000 
35.71531000 36.82336000 
35.71544000 36.77586000 
35.71722000 36.82337000 
35.71735000 36.77586000 
35.71912000 36.82491000 
35.71925000 36.77740000 
35.72103000 36.82491000 
35.72116000 36.77741000 
35.72294000 36.82492000 
35.72306000 36.77742000 
35.72484000 36.82646000 
35.72496000 36.77896000 
35.72675000 36.82647000 
35.72687000 36.77896000 
35.72865000 36.82801000 
35.72877000 36.78050000 
35.72878000 36.77897000 
35.73056000 36.82801000 
35.73068000 36.78051000 
35.73246000 36.82955000 
35.73258000 36.78052000 
35.73437000 36.83109000 
35.73437000 36.82956000 
35.73449000 36.78052000 
35.73627000 36.83110000 
35.73639000 36.78206000 
35.73818000 36.83111000 
35.73830000 36.78207000 
35.74008000 36.83265000 
35.74020000 36.78361000 
35.74199000 36.83265000 
35.74211000 36.78362000 
35.74390000 36.83266000 
35.74401000 36.78362000 
35.74581000 36.83267000 
35.74592000 36.78516000 
35.74771000 36.83421000 
35.74782000 36.78517000 
35.74962000 36.83421000 
35.74973000 36.78671000 
35.74973000 36.78518000 
35.75153000 36.83422000 
35.75163000 36.78672000 
35.75343000 36.83576000 
35.75354000 36.78672000 
35.75534000 36.83576000 
35.75544000 36.78826000 
35.75724000 36.83730000 
35.75725000 36.83577000 
35.75735000 36.78827000 
35.75915000 36.83731000 
35.75925000 36.78981000 
35.76106000 36.83732000 
35.76116000 36.78981000 
35.76296000 36.83886000 
35.76306000 36.79135000 
35.76487000 36.84039000 
35.76497000 36.79136000 
35.76678000 36.84040000 
35.76687000 36.79290000 
35.76868000 36.84194000 
35.76877000 36.79444000 
35.76878000 36.79290000 
35.77059000 36.84195000 
35.77068000 36.79444000 
35.77249000 36.84502000 
35.77249000 36.84348000 
35.77259000 36.79445000 
35.77440000 36.84502000 
35.77449000 36.79599000 
35.77631000 36.84503000 
35.77640000 36.79599000 
35.77821000 36.84657000 
35.77830000 36.79600000 
35.78012000 36.84657000 
35.78021000 36.79754000 
35.78021000 36.79601000 
35.78203000 36.84811000 
35.78212000 36.79754000 
35.78393000 36.84965000 
35.78402000 36.79755000 
35.78584000 36.84966000 
35.78593000 36.79909000 
35.78774000 36.85273000 
35.78774000 36.85120000 
35.78783000 36.80063000 
35.78965000 36.85274000 
35.78973000 36.80370000 
35.78973000 36.80217000 
35.79156000 36.85274000 
35.79164000 36.80370000 
35.79346000 36.85428000 
35.79355000 36.80371000 
35.79537000 36.85582000 
35.79545000 36.80525000 
35.79545000 36.80372000 
35.79728000 36.85582000 
35.79736000 36.80525000 
35.79918000 36.85736000 
35.79926000 36.80526000 
35.80109000 36.85890000 
35.80109000 36.85737000 
35.80117000 36.80527000 
35.80300000 36.85891000 
35.80308000 36.80527000 
35.80491000 36.85891000 
35.80498000 36.80528000 
35.80681000 36.86045000 
35.80689000 36.80681000 
35.80872000 36.86199000 
35.80879000 36.80835000 
35.81063000 36.86353000 
35.81070000 36.80989000 
35.81253000 36.86353000 
35.81260000 36.81143000 
35.81444000 36.86507000 
35.81451000 36.81297000 
35.81451000 36.81143000 
35.81635000 36.86814000 
35.81635000 36.86661000 
35.81642000 36.81297000 
35.81825000 36.86815000 
35.81832000 36.81451000 
35.82016000 36.86815000 
35.82023000 36.81605000 
35.82207000 36.86969000 
35.82213000 36.81759000 
35.82398000 36.87123000 
35.82404000 36.81912000 
35.82404000 36.81759000 
35.82588000 36.87277000 
35.82594000 36.81913000 
35.82779000 36.87277000 
35.82785000 36.81913000 
35.82970000 36.87431000 
35.82976000 36.81914000 
35.83160000 36.87738000 
35.83161000 36.87585000 
35.83166000 36.82068000 
35.83167000 36.81914000 
35.83351000 36.87738000 
35.83357000 36.82068000 
35.83542000 36.87739000 
35.83548000 36.82069000 
35.83733000 36.87893000 
35.83739000 36.82069000 
35.83924000 36.88046000 
35.83929000 36.82070000 
35.84115000 36.88200000 
35.84120000 36.82224000 
35.84305000 36.88354000 
35.84311000 36.82224000 
35.84496000 36.88508000 
35.84501000 36.82378000 
35.84687000 36.88815000 
35.84687000 36.88662000 
35.84692000 36.82532000 
35.84878000 36.88815000 
35.84882000 36.82685000 
35.85068000 36.88969000 
35.85073000 36.82839000 
35.85073000 36.82686000 
35.85259000 36.89123000 
35.85264000 36.82840000 
35.85450000 36.89276000 
35.85454000 36.83146000 
35.85455000 36.82993000 
35.85641000 36.89430000 
35.85645000 36.83300000 
35.85832000 36.89584000 
35.85836000 36.83607000 
35.85836000 36.83454000 
35.86022000 36.89891000 
35.86023000 36.89738000 
35.86026000 36.83608000 
35.86213000 36.89891000 
35.86217000 36.83761000 
35.86404000 36.90045000 
35.86408000 36.83915000 
35.86595000 36.90199000 
35.86598000 36.84069000 
35.86786000 36.90353000 
35.86789000 36.84376000 
35.86789000 36.84222000 
35.86977000 36.90506000 
35.86980000 36.84376000 
35.87168000 36.90967000 
35.87168000 36.90813000 
35.87168000 36.90660000 
35.87171000 36.84530000 
35.87359000 36.90967000 
35.87361000 36.84530000 
35.87550000 36.91121000 
35.87552000 36.84684000 
35.87741000 36.91274000 
35.87743000 36.84684000 
35.87931000 36.91428000 
35.87934000 36.84685000 
35.88122000 36.91582000 
35.88125000 36.84839000 
35.88313000 36.91736000 
35.88315000 36.84992000 
35.88315000 36.84839000 
35.88504000 36.92042000 
35.88504000 36.91889000 
35.88506000 36.84993000 
35.88695000 36.92196000 
35.88695000 36.92043000 
35.88697000 36.85146000 
35.88886000 36.92350000 
35.88888000 36.85147000 
35.89077000 36.92504000 
35.89078000 36.85300000 
35.89268000 36.92657000 
35.89269000 36.85454000 
35.89459000 36.92811000 
35.89460000 36.85608000 
35.89460000 36.85455000 
35.89650000 36.92965000 
35.89651000 36.85608000 
35.89841000 36.93118000 
35.89842000 36.85762000 
35.90032000 36.93272000 
35.90032000 36.93119000 
35.90033000 36.85916000 
35.90223000 36.93272000 
35.90223000 36.86222000 
35.90223000 36.86069000 
35.90414000 36.93426000 
35.90414000 36.86223000 
35.90605000 36.93580000 
35.90605000 36.86376000 
35.90796000 36.93733000 
35.90796000 36.86377000 
35.90988000 36.93734000 
35.90987000 36.86684000 
35.90987000 36.86530000 
35.91179000 36.93887000 
35.91178000 36.86684000 
35.91370000 36.94041000 
35.91370000 36.93888000 
35.91369000 36.86685000 
35.91561000 36.94195000 
35.91559000 36.86838000 
35.91752000 36.94195000 
35.91750000 36.87145000 
35.91750000 36.86992000 
35.91943000 36.94349000 
35.91941000 36.87145000 
35.92134000 36.94502000 
35.92132000 36.87299000 
35.92325000 36.94656000 
35.92323000 36.87453000 
35.92516000 36.94810000 
35.92514000 36.87759000 
35.92514000 36.87606000 
35.92707000 36.94810000 
35.92705000 36.87913000 
35.92705000 36.87760000 
35.92899000 36.94964000 
35.92899000 36.94810000 
35.92896000 36.88220000 
35.92896000 36.88067000 
35.93090000 36.95117000 
35.93087000 36.88680000 
35.93087000 36.88527000 
35.93087000 36.88374000 
35.93281000 36.95271000 
35.93278000 36.88680000 
35.93472000 36.95424000 
35.93469000 36.88834000 
35.93663000 36.95578000 
35.93660000 36.88988000 
35.93854000 36.95732000 
35.93851000 36.89294000 
35.93851000 36.89141000 
35.94046000 36.95732000 
35.94042000 36.89448000 
35.94042000 36.89295000 
35.94237000 36.95886000 
35.94237000 36.95732000 
35.94233000 36.89755000 
35.94233000 36.89602000 
35.94428000 36.96039000 
35.94424000 36.90062000 
35.94424000 36.89908000 
35.94619000 36.96039000 
35.94615000 36.90369000 
35.94615000 36.90215000 
35.94810000 36.96193000 
35.94807000 36.90675000 
35.94807000 36.90522000 
35.95002000 36.96347000 
35.94998000 36.90982000 
35.94998000 36.90829000 
35.95193000 36.96347000 
35.95189000 36.90983000 
35.95384000 36.96501000 
35.95380000 36.91289000 
35.95380000 36.91136000 
35.95575000 36.96654000 
35.95575000 36.96501000 
35.95571000 36.91596000 
35.95571000 36.91443000 
35.95766000 36.96654000 
35.95762000 36.91597000 
35.95958000 36.96808000 
35.95953000 36.91750000 
35.96149000 36.96808000 
35.96145000 36.92057000 
35.96145000 36.91904000 
35.96340000 36.96962000 
35.96336000 36.92517000 
35.96336000 36.92364000 
35.96336000 36.92210000 
35.96531000 36.97115000 
35.96528000 36.93284000 
35.96528000 36.93130000 
35.96528000 36.92977000 
35.96527000 36.92824000 
35.96527000 36.92671000 
35.96722000 36.97116000 
35.96719000 36.93437000 
35.96719000 36.93284000 
35.96914000 36.97269000 
35.96910000 36.93591000 
35.97105000 36.97270000 
35.97101000 36.93744000 
35.97297000 36.98189000 
35.97296000 36.97423000 
35.97292000 36.93745000 
35.97488000 36.98343000 
35.97488000 36.98190000 
35.97487000 36.97423000 
35.97484000 36.93898000 
35.97680000 36.98343000 
35.97679000 36.98190000 
35.97679000 36.98037000 
35.97679000 36.97577000 
35.97679000 36.97424000 
35.97675000 36.94052000 
35.97871000 36.98497000 
35.97870000 36.98037000 
35.97870000 36.97577000 
35.97866000 36.94205000 
35.97866000 36.94052000 
35.98062000 36.98497000 
35.98061000 36.97884000 
35.98061000 36.97731000 
35.98057000 36.94205000 
35.98253000 36.98651000 
35.98253000 36.97884000 
35.98252000 36.97731000 
35.98248000 36.94359000 
35.98445000 36.98651000 
35.98444000 36.97884000 
35.98440000 36.94359000 
35.98636000 36.98804000 
35.98631000 36.94513000 
35.98827000 36.98958000 
35.98822000 36.94666000 
35.99019000 36.98958000 
35.99013000 36.94666000 
35.99210000 36.99112000 
35.99210000 36.98958000 
35.99204000 36.94667000 
35.99475000 37.54009000 
35.99401000 36.99112000 
35.99396000 36.94973000 
35.99395000 36.94820000 
35.99668000 37.54162000 
35.99592000 36.99112000 
35.99587000 36.95127000 
35.99861000 37.54316000 
35.99784000 36.99266000 
35.99778000 36.95280000 
36.00054000 37.54470000 
35.99975000 36.99266000 
35.99970000 36.95434000 
35.99969000 36.95281000 
36.00247000 37.54623000 
36.00167000 36.99419000 
36.00161000 36.95434000 
36.00440000 37.54777000 
36.00358000 36.99420000 
36.00633000 37.54930000 
36.00549000 36.99573000 
36.00549000 36.99420000 
36.00543000 36.95588000 
36.00826000 37.55084000 
36.00740000 36.99573000 
36.00734000 36.95588000 
36.01019000 37.55238000 
36.00932000 36.99574000 
36.00926000 36.95742000 
36.00925000 36.95588000 
36.01212000 37.55391000 
36.01123000 36.99574000 
36.01117000 36.95742000 
36.01405000 37.55545000 
36.01314000 36.99574000 
36.01308000 36.95742000 
36.01599000 37.55852000 
36.01598000 37.55698000 
36.01506000 36.99727000 
36.01499000 36.95895000 
36.01791000 37.55852000 
36.01697000 36.99728000 
36.01690000 36.95896000 
36.01985000 37.56006000 
36.01888000 36.99728000 
36.01881000 36.95896000 
36.02178000 37.56313000 
36.02178000 37.56159000 
36.02073000 36.96049000 
36.02073000 36.95896000 
36.02371000 37.56466000 
36.02264000 36.96049000 
36.02564000 37.56620000 
36.02455000 36.96203000 
36.02757000 37.56773000 
36.02647000 36.96510000 
36.02647000 36.96356000 
36.02950000 37.56927000 
36.02839000 36.96816000 
36.02838000 36.96663000 
36.03144000 37.57234000 
36.03143000 37.57081000 
36.03030000 36.96817000 
36.03337000 37.57388000 
36.03221000 36.96970000 
36.03530000 37.57694000 
36.03530000 37.57541000 
36.03413000 36.97123000 
36.03723000 37.57695000 
36.03604000 36.97277000 
36.03916000 37.57848000 
36.03796000 36.97584000 
36.03796000 36.97430000 
36.04110000 37.58002000 
36.03987000 36.97584000 
36.04303000 37.58155000 
36.04179000 36.97737000 
36.04496000 37.58309000 
36.04370000 36.97891000 
36.04689000 37.58462000 
36.04562000 36.98197000 
36.04562000 36.98044000 
36.04882000 37.58616000 
36.04753000 36.98197000 
36.05075000 37.58616000 
36.04945000 36.98351000 
36.05269000 37.58770000 
36.05136000 36.98351000 
36.05462000 37.58923000 
36.05327000 36.98504000 
36.05655000 37.59077000 
36.05519000 36.98658000 
36.05519000 36.98505000 
36.05849000 37.59384000 
36.05848000 37.59230000 
36.05710000 36.98658000 
36.06042000 37.59537000 
36.06042000 37.59384000 
36.05902000 36.98811000 
36.06235000 37.59691000 
36.06094000 36.99118000 
36.06093000 36.98965000 
36.06428000 37.59844000 
36.06285000 36.99118000 
36.06622000 37.59998000 
36.06476000 36.99272000 
36.06815000 37.60305000 
36.06815000 37.60151000 
36.06668000 36.99272000 
36.07009000 37.60458000 
36.06859000 36.99578000 
36.06859000 36.99425000 
36.07202000 37.60612000 
36.07051000 36.99578000 
36.07396000 37.61072000 
36.07396000 37.60919000 
36.07395000 37.60765000 
36.07589000 37.61072000 
36.07783000 37.61226000 
36.07976000 37.61533000 
36.07976000 37.61379000 
36.08170000 37.61686000 
36.08363000 37.61840000 
36.08557000 37.62147000 
36.08556000 37.61993000 
36.08751000 37.62453000 
36.08750000 37.62300000 
36.08944000 37.62453000 
36.09137000 37.62607000 
36.09331000 37.62760000 
36.09524000 37.62914000 
36.09717000 37.62914000 
36.09910000 37.63067000 
36.10104000 37.63221000 
36.10297000 37.63374000 
36.10491000 37.63681000 
36.10491000 37.63528000 
36.10684000 37.63681000 
36.10878000 37.63835000 
36.11071000 37.63988000 
36.11265000 37.64142000 
36.11458000 37.64295000 
36.11652000 37.64449000 
36.11846000 37.64602000 
36.12039000 37.64755000 
36.12233000 37.65062000 
36.12233000 37.64909000 
36.12427000 37.65216000 
36.12426000 37.65062000 
36.12620000 37.65369000 
36.12814000 37.65676000 
36.12814000 37.65523000 
36.13008000 37.65829000 
36.13202000 37.65983000 
36.13396000 37.66290000 
36.13395000 37.66136000 
36.13589000 37.66443000 
36.13784000 37.66903000 
36.13784000 37.66750000 
36.13783000 37.66596000 
36.13570000 37.04791000 
36.13977000 37.66903000 
36.13762000 37.04945000 
36.14171000 37.67057000 
36.13953000 37.04945000 
36.14365000 37.67210000 
36.14145000 37.05098000 
36.14558000 37.67363000 
36.14337000 37.05251000 
36.14752000 37.67517000 
36.14529000 37.05405000 
36.14946000 37.67824000 
36.14946000 37.67670000 
36.14721000 37.05558000 
36.15140000 37.67977000 
36.14913000 37.05711000 
36.15334000 37.68130000 
36.15105000 37.05864000 
36.15528000 37.68437000 
36.15527000 37.68284000 
36.15297000 37.06018000 
36.15722000 37.68591000 
36.15721000 37.68437000 
36.15489000 37.06171000 
36.15916000 37.68744000 
36.15681000 37.06477000 
36.15681000 37.06324000 
36.16110000 37.69051000 
36.16109000 37.68897000 
36.15880000 37.08317000 
36.15879000 37.08164000 
36.15879000 37.08010000 
36.15878000 37.07857000 
36.15877000 37.07704000 
36.15877000 37.07550000 
36.15876000 37.07397000 
36.15876000 37.07244000 
36.15875000 37.07090000 
36.15874000 37.06937000 
36.15874000 37.06784000 
36.15873000 37.06631000 
36.15873000 37.06477000 
36.16304000 37.69204000 
36.16072000 37.08470000 
36.16071000 37.08317000 
36.16499000 37.69664000 
36.16498000 37.69511000 
36.16497000 37.69357000 
36.16264000 37.08623000 
36.16692000 37.69818000 
36.16456000 37.08930000 
36.16456000 37.08777000 
36.16886000 37.69971000 
36.16648000 37.09083000 
36.17081000 37.70278000 
36.17080000 37.70124000 
36.16841000 37.09390000 
36.16841000 37.09236000 
36.17275000 37.70431000 
36.17033000 37.09543000 
36.17468000 37.70585000 
36.17468000 37.70431000 
36.17225000 37.09696000 
36.17663000 37.70891000 
36.17662000 37.70738000 
36.17418000 37.10003000 
36.17417000 37.09849000 
36.17857000 37.71045000 
36.17610000 37.10156000 
36.18051000 37.71198000 
36.17803000 37.10462000 
36.17802000 37.10309000 
36.18245000 37.71351000 
36.17996000 37.10769000 
36.17995000 37.10616000 
36.18438000 37.71505000 
36.18187000 37.10769000 
36.18380000 37.11075000 
36.18379000 37.10922000 
36.18755000 37.54935000 
36.18572000 37.11228000 
36.18948000 37.55088000 
36.18948000 37.54935000 
36.18764000 37.11382000 
36.19142000 37.55242000 
36.18957000 37.11688000 
36.18957000 37.11535000 
36.18929348 37.71740795 
36.19336000 37.55548000 
36.19335000 37.55395000 
36.19150000 37.11841000 
36.19123348 37.71893815 
36.19530000 37.55702000 
36.19342000 37.11995000 
36.19317348 37.72046836 
36.19724000 37.56008000 
36.19723000 37.55855000 
36.19535000 37.12454000 
36.19535000 37.12301000 
36.19534000 37.12148000 
36.19576721 37.72140021 
36.19917000 37.56162000 
36.19728000 37.12607000 
36.19727000 37.12454000 
36.19770721 37.72293046 
36.19769721 37.72140021 
36.20112000 37.56622000 
36.20111000 37.56468000 
36.20111000 37.56315000 
36.19921000 37.13067000 
36.19920000 37.12914000 
36.19920000 37.12761000 
36.19964721 37.72447071 
36.20376000 37.72731000 
36.20376000 37.72578000 
36.20306000 37.56775000 
36.20305000 37.56621000 
36.20115000 37.13527000 
36.20114000 37.13374000 
36.20113000 37.13220000 
36.20570000 37.72731000 
36.20500000 37.57082000 
36.20499000 37.56928000 
36.20308000 37.13987000 
36.20308000 37.13834000 
36.20307000 37.13680000 
36.20764000 37.72884000 
36.20695000 37.57542000 
36.20694000 37.57388000 
36.20693000 37.57235000 
36.20502000 37.14447000 
36.20501000 37.14293000 
36.20501000 37.14140000 
36.20092818 37.72530952 
36.18684195 37.71641276 
36.20958000 37.73037000 
36.20889000 37.57848000 
36.20888000 37.57695000 
36.20695000 37.14753000 
36.20694000 37.14600000 
36.20285818 37.72530952 
36.21152000 37.73191000 
36.21083000 37.58155000 
36.21082000 37.58002000 
36.20887000 37.14906000 
36.21345000 37.73191000 
36.21279000 37.58768000 
36.21278000 37.58615000 
36.21277000 37.58462000 
36.21277000 37.58308000 
36.21080000 37.15213000 
36.21080000 37.15060000 
36.21539000 37.73344000 
36.21473000 37.59075000 
36.21472000 37.58922000 
36.21472000 37.58768000 
36.21274000 37.15519000 
36.21273000 37.15366000 
36.21733000 37.73497000 
36.21667000 37.59382000 
36.21667000 37.59228000 
36.21466000 37.15672000 
36.21927000 37.73650000 
36.21862000 37.59688000 
36.21861000 37.59535000 
36.21659000 37.15979000 
36.21658000 37.15826000 
36.22122000 37.73957000 
36.22121000 37.73804000 
36.22056000 37.59995000 
36.22055000 37.59842000 
36.21851000 37.16132000 
36.22316000 37.74110000 
36.22315000 37.73957000 
36.22251000 37.60455000 
36.22251000 37.60302000 
36.22250000 37.60148000 
36.22044000 37.16439000 
36.22044000 37.16285000 
36.22510000 37.74264000 
36.22446000 37.60762000 
36.22445000 37.60608000 
36.22237000 37.16592000 
36.22704000 37.74417000 
36.22640000 37.61068000 
36.22639000 37.60915000 
36.22430000 37.16898000 
36.22429000 37.16745000 
36.22898000 37.74570000 
36.22835000 37.61375000 
36.22834000 37.61222000 
36.22624000 37.17358000 
36.22623000 37.17205000 
36.22622000 37.17051000 
36.23092000 37.74723000 
36.23029000 37.61682000 
36.23028000 37.61528000 
36.22816000 37.17358000 
36.23286000 37.74877000 
36.23223000 37.61988000 
36.23223000 37.61835000 
36.23009000 37.17664000 
36.23008000 37.17511000 
36.23481000 37.75030000 
36.23418000 37.62295000 
36.23417000 37.62142000 
36.23202000 37.17971000 
36.23201000 37.17817000 
36.23676000 37.75490000 
36.23675000 37.75337000 
36.23675000 37.75183000 
36.23613000 37.62755000 
36.23612000 37.62602000 
36.23612000 37.62448000 
36.23395000 37.18124000 
36.23870000 37.75490000 
36.23809000 37.63215000 
36.23808000 37.63062000 
36.23807000 37.62908000 
36.23588000 37.18430000 
36.23587000 37.18277000 
36.24064000 37.75643000 
36.24005000 37.63829000 
36.24004000 37.63675000 
36.24003000 37.63522000 
36.24002000 37.63368000 
36.23780000 37.18583000 
36.24258000 37.75796000 
36.24199000 37.64135000 
36.24198000 37.63982000 
36.23974000 37.18890000 
36.23973000 37.18737000 
36.24453000 37.76103000 
36.24452000 37.75950000 
36.24393000 37.64289000 
36.24392000 37.64135000 
36.24167000 37.19196000 
36.24166000 37.19043000 
36.24647000 37.76256000 
36.24587000 37.64442000 
36.24359000 37.19349000 
36.24841000 37.76409000 
36.24781000 37.64595000 
36.24553000 37.19656000 
36.24552000 37.19503000 
36.25035000 37.76563000 
36.24975000 37.64748000 
36.24746000 37.19962000 
36.24745000 37.19809000 
36.25230000 37.76869000 
36.25229000 37.76716000 
36.25168000 37.64748000 
36.25114000 37.54316000 
36.25113000 37.54162000 
36.25112000 37.54009000 
36.24939000 37.20115000 
36.25425000 37.77023000 
36.25361000 37.64901000 
36.25309000 37.54776000 
36.25308000 37.54622000 
36.25307000 37.54469000 
36.25132000 37.20422000 
36.25131000 37.20268000 
36.25620000 37.77329000 
36.25619000 37.77176000 
36.25555000 37.65054000 
36.25505000 37.55389000 
36.25504000 37.55236000 
36.25503000 37.55082000 
36.25503000 37.54929000 
36.25325000 37.20728000 
36.25325000 37.20575000 
36.25813000 37.77329000 
36.25749000 37.65207000 
36.25700000 37.55849000 
36.25699000 37.55696000 
36.25699000 37.55542000 
36.25518000 37.20881000 
36.26007000 37.77482000 
36.25943000 37.65361000 
36.25895000 37.56309000 
36.25895000 37.56156000 
36.25894000 37.56002000 
36.25711000 37.21188000 
36.25711000 37.21034000 
36.26201000 37.77635000 
36.26136000 37.65360000 
36.26091000 37.56769000 
36.26090000 37.56616000 
36.26089000 37.56462000 
36.25905000 37.21494000 
36.25904000 37.21341000 
36.26396000 37.77789000 
36.26285000 37.57076000 
36.26284000 37.56922000 
36.26098000 37.21801000 
36.26098000 37.21647000 
36.26590000 37.77942000 
36.26480000 37.57536000 
36.26480000 37.57382000 
36.26479000 37.57229000 
36.26292000 37.22107000 
36.26291000 37.21954000 
36.26784000 37.78095000 
36.26675000 37.57842000 
36.26674000 37.57689000 
36.26485000 37.22413000 
36.26484000 37.22260000 
36.26979000 37.78248000 
36.26869000 37.58149000 
36.26869000 37.57995000 
36.26680000 37.22873000 
36.26679000 37.22720000 
36.26678000 37.22567000 
36.27173000 37.78401000 
36.27064000 37.58455000 
36.27063000 37.58302000 
36.26873000 37.23180000 
36.26872000 37.23026000 
36.26871000 37.22873000 
36.27367000 37.78555000 
36.27259000 37.58915000 
36.27259000 37.58762000 
36.27258000 37.58609000 
36.27068000 37.23639000 
36.27067000 37.23486000 
36.27066000 37.23333000 
36.27561000 37.78708000 
36.27455000 37.59375000 
36.27454000 37.59222000 
36.27453000 37.59068000 
36.27263000 37.24252000 
36.27262000 37.24099000 
36.27261000 37.23946000 
36.27260000 37.23792000 
36.27757000 37.79014000 
36.27756000 37.78861000 
36.27651000 37.59989000 
36.27650000 37.59835000 
36.27649000 37.59682000 
36.27649000 37.59528000 
36.27457000 37.24712000 
36.27456000 37.24559000 
36.27456000 37.24405000 
36.27950000 37.79014000 
36.27846000 37.60295000 
36.27845000 37.60142000 
36.27652000 37.25172000 
36.27651000 37.25019000 
36.27650000 37.24865000 
36.28145000 37.79321000 
36.28144000 37.79167000 
36.28041000 37.60755000 
36.28040000 37.60602000 
36.28040000 37.60448000 
36.27846000 37.25632000 
36.27845000 37.25478000 
36.27844000 37.25325000 
36.28340000 37.79474000 
36.28244000 37.62443000 
36.28243000 37.62289000 
36.28242000 37.62136000 
36.28241000 37.61982000 
36.28240000 37.61829000 
36.28239000 37.61675000 
36.28239000 37.61522000 
36.28238000 37.61369000 
36.28237000 37.61215000 
36.28236000 37.61062000 
36.28235000 37.60908000 
36.28040000 37.25938000 
36.28039000 37.25785000 
36.28534000 37.79627000 
36.28438000 37.62749000 
36.28438000 37.62596000 
36.28234000 37.26398000 
36.28233000 37.26244000 
36.28233000 37.26091000 
36.28729000 37.79934000 
36.28728000 37.79780000 
36.28634000 37.63209000 
36.28633000 37.63056000 
36.28632000 37.62902000 
36.28428000 37.26704000 
36.28427000 37.26551000 
36.28924000 37.80087000 
36.28829000 37.63516000 
36.28828000 37.63362000 
36.28623000 37.27164000 
36.28622000 37.27011000 
36.28621000 37.26857000 
36.29119000 37.80393000 
36.29118000 37.80240000 
36.29024000 37.63822000 
36.29023000 37.63669000 
36.29313000 37.80547000 
36.29219000 37.64282000 
36.29218000 37.64129000 
36.29218000 37.63975000 
36.29509000 37.80853000 
36.29508000 37.80700000 
36.29413000 37.64435000 
36.29412000 37.64282000 
36.29703000 37.81006000 
36.29608000 37.64742000 
36.29607000 37.64588000 
36.29402000 37.29156000 
36.29401000 37.29003000 
36.29898000 37.81313000 
36.29897000 37.81159000 
36.29802000 37.64895000 
36.29595000 37.29309000 
36.30094000 37.81620000 
36.30093000 37.81466000 
36.29997000 37.65201000 
36.29996000 37.65048000 
36.29789000 37.29616000 
36.29788000 37.29462000 
36.30190000 37.65201000 
36.29983000 37.29922000 
36.29982000 37.29769000 
36.30384000 37.65354000 
36.30176000 37.30075000 
36.30578000 37.65507000 
36.30370000 37.30381000 
36.30369000 37.30228000 
36.30773000 37.65814000 
36.30772000 37.65660000 
36.30563000 37.30688000 
36.30563000 37.30535000 
36.30967000 37.65967000 
36.30757000 37.30994000 
36.30757000 37.30841000 
36.31162000 37.66273000 
36.31161000 37.66120000 
36.30950000 37.31147000 
36.31355000 37.66273000 
36.31144000 37.31454000 
36.31143000 37.31300000 
36.31549000 37.66426000 
36.31337000 37.31607000 
36.31743000 37.66579000 
36.31531000 37.31913000 
36.31531000 37.31760000 
36.31939000 37.67039000 
36.31938000 37.66886000 
36.31937000 37.66732000 
36.31725000 37.32066000 
36.32138000 37.67959000 
36.32137000 37.67806000 
36.32136000 37.67653000 
36.32135000 37.67499000 
36.32134000 37.67346000 
36.32133000 37.67192000 
36.31919000 37.32372000 
36.31918000 37.32219000 
36.32334000 37.68419000 
36.32333000 37.68266000 
36.32332000 37.68112000 
36.32112000 37.32525000 
36.32529000 37.68726000 
36.32528000 37.68572000 
36.32306000 37.32832000 
36.32305000 37.32678000 
36.32725000 37.69186000 
36.32724000 37.69032000 
36.32723000 37.68879000 
36.32499000 37.32985000 
36.32999000 37.81921000 
36.32998000 37.81768000 
36.32997000 37.81614000 
36.29244697 37.28883020 
36.29244697 37.28729107 
36.29243697 37.28574187 
36.29242697 37.28420273 
36.29241697 37.28265353 
36.29240697 37.28111440 
36.29239697 37.27957526 
36.29139283 37.27840374 
36.29138283 37.27686478 
36.32918000 37.69185000 
36.32693000 37.33291000 
36.32692000 37.33138000 
36.33194000 37.82228000 
36.33193000 37.82074000 
36.29024584 37.27612303 
36.29023584 37.27458411 
36.28885255 37.27419623 
36.28884255 37.27265734 
36.28754509 37.27221127 
36.33112000 37.69338000 
36.32886000 37.33444000 
36.33389000 37.82381000 
36.33307000 37.69492000 
36.33081000 37.33904000 
36.33080000 37.33750000 
36.33079000 37.33597000 
36.33583000 37.82534000 
36.33519000 37.72560000 
36.33502000 37.69798000 
36.33501000 37.69645000 
36.33273000 37.33903000 
36.33777000 37.82534000 
36.33712000 37.72406000 
36.33711000 37.72253000 
36.33710000 37.72099000 
36.33696000 37.69951000 
36.33695000 37.69798000 
36.33466000 37.34056000 
36.33972000 37.82687000 
36.33903000 37.72099000 
36.33902000 37.71945000 
36.33892000 37.70411000 
36.33891000 37.70258000 
36.33890000 37.70104000 
36.33660000 37.34209000 
36.34166000 37.82840000 
36.34094000 37.71792000 
36.34093000 37.71638000 
36.34087000 37.70717000 
36.34086000 37.70564000 
36.33853000 37.34362000 
36.34361000 37.82993000 
36.34286000 37.71484000 
36.34285000 37.71331000 
36.34284000 37.71177000 
36.34283000 37.71024000 
36.34282000 37.70871000 
36.34046000 37.34515000 
36.34555000 37.83146000 
36.34239000 37.34668000 
36.34750000 37.83299000 
36.34749000 37.83146000 
36.34432000 37.34821000 
36.34944000 37.83299000 
36.34626000 37.34974000 
36.35138000 37.83452000 
36.34819000 37.35127000 
36.35333000 37.83605000 
36.35012000 37.35280000 
36.35527000 37.83758000 
36.35206000 37.35586000 
36.35205000 37.35433000 
36.35722000 37.83911000 
36.35399000 37.35586000 
36.35916000 37.83910000 
36.35592000 37.35739000 
36.36110000 37.84063000 
36.35785000 37.35892000 
36.36305000 37.84216000 
36.36304000 37.84063000 
36.35979000 37.36198000 
36.35978000 37.36045000 
36.36500000 37.84370000 
36.36173000 37.36351000 
36.36693000 37.84369000 
36.36367000 37.36658000 
36.36366000 37.36504000 
36.36888000 37.84522000 
36.36559000 37.36657000 
36.37083000 37.84675000 
36.36753000 37.36810000 
36.37277000 37.84828000 
36.36945000 37.36810000 
36.37471000 37.84828000 
36.37138000 37.36962000 
36.37666000 37.84981000 
36.37665000 37.84827000 
36.37332000 37.37115000 
36.37859000 37.84980000 
36.37525000 37.37268000 
36.38054000 37.85133000 
36.37718000 37.37421000 
36.38248000 37.85133000 
36.37912000 37.37574000 
36.38441000 37.85132000 
36.38104000 37.37574000 
36.38636000 37.85285000 
36.38297000 37.37727000 
36.38830000 37.85285000 
36.38491000 37.37880000 
36.39025000 37.85438000 
36.38684000 37.38032000 
36.39219000 37.85591000 
36.39218000 37.85437000 
36.38877000 37.38185000 
36.39414000 37.85744000 
36.39070000 37.38185000 
36.39609000 37.85897000 
36.39264000 37.38491000 
36.39263000 37.38338000 
36.39804000 37.86050000 
36.39457000 37.38491000 
36.39997000 37.86049000 
36.39650000 37.38643000 
36.40192000 37.86202000 
36.39843000 37.38796000 
36.40387000 37.86355000 
36.40038000 37.39103000 
36.40037000 37.38949000 
36.40582000 37.86508000 
36.40581000 37.86355000 
36.40232000 37.39255000 
36.40777000 37.86661000 
36.40425000 37.39408000 
36.40972000 37.86814000 
36.40618000 37.39561000 
36.41165000 37.86814000 
36.40812000 37.39714000 
36.41360000 37.86967000 
36.41007000 37.40020000 
36.41005000 37.39867000 
36.41555000 37.87119000 
36.41201000 37.40327000 
36.41200000 37.40173000 
36.41750000 37.87272000 
36.41749000 37.87119000 
36.41394000 37.40326000 
36.41944000 37.87272000 
36.41588000 37.40632000 
36.41587000 37.40479000 
36.42139000 37.87425000 
36.41783000 37.40938000 
36.41782000 37.40785000 
36.42333000 37.87578000 
36.41978000 37.41245000 
36.41977000 37.41091000 
36.42528000 37.87731000 
36.42173000 37.41551000 
36.42171000 37.41398000 
36.42723000 37.87884000 
36.42444000 37.51827000 
36.42443000 37.51674000 
36.42442000 37.51520000 
36.42440000 37.51367000 
36.42439000 37.51214000 
36.42438000 37.51060000 
36.42367000 37.41857000 
36.42366000 37.41704000 
36.42918000 37.88037000 
36.42640000 37.52287000 
36.42639000 37.52133000 
36.42638000 37.51980000 
36.42630000 37.50906000 
36.42628000 37.50753000 
36.42562000 37.42163000 
36.42561000 37.42010000 
36.43112000 37.88036000 
36.42820000 37.50599000 
36.42819000 37.50445000 
36.42756000 37.42316000 
36.43308000 37.88342000 
36.43307000 37.88189000 
36.43306000 37.88035000 
36.43010000 37.50292000 
36.43009000 37.50138000 
36.43008000 37.49985000 
36.42950000 37.42622000 
36.42949000 37.42469000 
36.43503000 37.88495000 
36.43199000 37.49831000 
36.43198000 37.49677000 
36.43175000 37.46763000 
36.43145000 37.42929000 
36.43144000 37.42775000 
36.43698000 37.88648000 
36.43389000 37.49523000 
36.43388000 37.49370000 
36.43387000 37.49217000 
36.43371000 37.47223000 
36.43370000 37.47069000 
36.43369000 37.46916000 
36.43368000 37.46763000 
36.43367000 37.46609000 
36.43365000 37.46456000 
36.43364000 37.46302000 
36.43340000 37.43235000 
36.43339000 37.43081000 
36.43893000 37.88801000 
36.43578000 37.49063000 
36.43577000 37.48909000 
36.43569000 37.47836000 
36.43568000 37.47682000 
36.43566000 37.47529000 
36.43565000 37.47376000 
36.43556000 37.46148000 
36.43554000 37.45995000 
36.43553000 37.45842000 
36.43552000 37.45688000 
36.43534000 37.43388000 
36.44088000 37.88954000 
36.43769000 37.48755000 
36.43767000 37.48602000 
36.43766000 37.48449000 
36.43765000 37.48295000 
36.43764000 37.48142000 
36.43763000 37.47988000 
36.43743000 37.45534000 
36.43742000 37.45381000 
36.43741000 37.45228000 
36.43740000 37.45074000 
36.43738000 37.44921000 
36.43737000 37.44767000 
36.43736000 37.44614000 
36.43735000 37.44461000 
36.43734000 37.44307000 
36.43732000 37.44154000 
36.43731000 37.44001000 
36.43730000 37.43847000 
36.43729000 37.43694000 
36.43727000 37.43540000 
36.44283000 37.89107000 
36.44478000 37.89260000 
36.44673000 37.89413000 
36.44868000 37.89566000 
36.45063000 37.89719000 
36.45259000 37.90025000 
36.45258000 37.89871000 
36.45257000 37.89718000 
36.45456000 37.90331000 
36.45454000 37.90178000 
36.45652000 37.90638000 
36.45651000 37.90484000 
36.45847000 37.90790000 
36.46043000 37.91097000 
36.46042000 37.90943000 
36.46240000 37.91403000 
36.46238000 37.91250000 
36.46435000 37.91556000 
36.46433000 37.91403000 
36.46631000 37.91862000 
36.46630000 37.91709000 
36.46826000 37.92015000 
36.47021000 37.92168000 
36.47218000 37.92474000 
36.47217000 37.92321000 
36.47413000 37.92627000 
36.47608000 37.92780000 
36.47818000 37.94621000 
36.47817000 37.94468000 
36.47815000 37.94314000 
36.47814000 37.94161000 
36.47813000 37.94007000 
36.47811000 37.93854000 
36.47810000 37.93700000 
36.47809000 37.93547000 
36.47807000 37.93393000 
36.47806000 37.93240000 
36.47805000 37.93086000 
36.47803000 37.92933000 
36.48016000 37.95081000 
36.48014000 37.94928000 
36.48013000 37.94774000 
36.48212000 37.95387000 
36.48211000 37.95234000 
36.48410000 37.95847000 
36.48409000 37.95694000 
36.48408000 37.95540000 
36.48607000 37.96153000 
36.48605000 37.96000000 
36.48805000 37.96613000 
36.48803000 37.96460000 
36.48802000 37.96306000 
36.49000000 37.96766000 
36.48999000 37.96613000 
36.49197000 37.97072000 
36.49195000 37.96919000 
36.49392000 37.97225000 
36.49589000 37.97532000 
36.49587000 37.97378000 
36.49784000 37.97684000 
36.49981000 37.97991000 
36.49980000 37.97837000 
36.50176000 37.98143000 
36.50175000 37.97990000 
36.50372000 37.98296000 
36.50567000 37.98449000 
36.50763000 37.98602000 
36.50958000 37.98755000 
36.51153000 37.98908000 
36.51349000 37.99060000 
36.51544000 37.99213000 
36.51740000 37.99366000 
36.51935000 37.99519000 
36.51934000 37.99365000 
36.52129000 37.99518000 
36.52325000 37.99671000 
36.52520000 37.99824000 
36.52716000 37.99976000 
36.52910000 37.99976000 
36.53105000 38.00128000 
36.53301000 38.00281000 
36.53496000 38.00434000 
36.53690000 38.00433000 
36.53886000 38.00586000 
36.53885000 38.00432000 
36.54082000 38.00739000 
36.54080000 38.00585000 
36.54276000 38.00738000 
36.54471000 38.00891000 
36.54667000 38.01043000 
36.54861000 38.01043000 
36.55056000 38.01195000 
36.55251000 38.01195000 
36.55446000 38.01347000 
36.55642000 38.01500000 
36.55836000 38.01499000 
36.56031000 38.01652000 
36.56226000 38.01651000 
36.56421000 38.01804000 
36.56617000 38.01957000 
36.56615000 38.01803000 
36.56811000 38.01956000 
36.57007000 38.02108000 
36.57201000 38.02108000 
36.57396000 38.02260000 
36.57591000 38.02260000 
36.57786000 38.02412000 
36.57980000 38.02411000 
36.58176000 38.02564000 
36.58370000 38.02563000 
36.58566000 38.02716000 
36.58760000 38.02715000 
36.58956000 38.02868000 
36.58954000 38.02714000 
36.59150000 38.02867000 
36.59346000 38.03020000 
36.59540000 38.03019000 
36.59736000 38.03171000 
36.59930000 38.03171000 
36.60124000 38.03170000 
36.60320000 38.03322000 
36.60514000 38.03321000 
36.60710000 38.03474000 
36.60904000 38.03473000 
36.61100000 38.03626000 
36.61294000 38.03625000 
36.61490000 38.03778000 
36.61488000 38.03624000 
36.61684000 38.03777000 
36.61878000 38.03776000 
36.62074000 38.03928000 
36.62268000 38.03928000 
36.62464000 38.04080000 
36.62658000 38.04079000 
36.62852000 38.04078000 
36.63048000 38.04231000 
36.63242000 38.04230000 
36.63438000 38.04383000 
36.63632000 38.04382000 
36.63827000 38.04381000 
36.64022000 38.04533000 
36.64021000 38.04380000 
36.64217000 38.04532000 
36.64413000 38.04685000 
36.64607000 38.04684000 
36.64803000 38.04837000 
36.64997000 38.04836000 
36.65193000 38.04988000 
36.65387000 38.04987000 
36.65583000 38.05140000 
36.65777000 38.05139000 
36.65971000 38.05138000 
36.66167000 38.05290000 
36.66166000 38.05137000 
36.66362000 38.05290000 
36.66556000 38.05289000 
36.66752000 38.05441000 
36.66946000 38.05440000 
36.67140000 38.05439000 
36.67336000 38.05592000 
36.67531000 38.05591000 
36.67725000 38.05590000 
36.67921000 38.05742000 
36.68115000 38.05741000 
36.68309000 38.05740000 
36.68505000 38.05893000 
36.68700000 38.05892000 
36.68894000 38.05891000 
36.69090000 38.06043000 
36.69088000 38.05890000 
36.69284000 38.06042000 
36.69478000 38.06041000 
36.69673000 38.06040000 
36.69867000 38.06039000 
36.70061000 38.06038000 
36.70257000 38.06191000 
36.70451000 38.06189000 
36.70646000 38.06188000 
36.70840000 38.06187000 
36.71034000 38.06186000 
36.71228000 38.06185000 
36.71425000 38.06338000 
36.71619000 38.06337000 
36.71813000 38.06336000 
36.72007000 38.06335000 
36.72202000 38.06333000 
36.72396000 38.06332000 
36.72590000 38.06331000 
36.72786000 38.06484000 
36.72980000 38.06483000 
36.73175000 38.06482000 
36.73369000 38.06480000 
36.73563000 38.06479000 
36.73759000 38.06632000 
36.73757000 38.06478000 
36.73954000 38.06631000 
36.74148000 38.06630000 
36.74342000 38.06628000 
36.74536000 38.06627000 
36.74733000 38.06780000 
36.74927000 38.06779000 
36.75121000 38.06778000 
36.75315000 38.06776000 
36.75510000 38.06775000 
36.75706000 38.06928000 
36.75900000 38.06926000 
36.76094000 38.06925000 
36.76289000 38.06924000 
36.76483000 38.06923000 
36.76677000 38.06922000 
36.76872000 38.06921000 
36.77066000 38.06920000 
36.77260000 38.06918000 
36.77454000 38.06917000 
36.77649000 38.06916000 
36.77843000 38.06915000 
36.78037000 38.06914000 
36.78231000 38.06913000 
36.78426000 38.06911000 
36.78620000 38.06910000 
36.78814000 38.06909000 
36.79009000 38.06908000 
36.79203000 38.06907000 
36.79397000 38.06905000 
36.79591000 38.06904000 
36.79786000 38.06903000 
36.79980000 38.06902000 
36.80174000 38.06901000 
36.80368000 38.06899000 
36.80366000 38.06746000 
36.80561000 38.06745000 
36.80755000 38.06743000 
36.80949000 38.06742000 
36.81143000 38.06741000 
36.81338000 38.06740000 
36.81532000 38.06739000 
36.82700000 38.06885000 
36.82894000 38.06883000 
36.83088000 38.06882000 
36.83283000 38.06881000 
36.83477000 38.06880000 
36.83671000 38.06878000 
36.83865000 38.06877000 
36.84060000 38.06876000 
36.84254000 38.06874000 
36.84448000 38.06873000 
36.84642000 38.06872000 
36.84839000 38.07024000 
36.84837000 38.06871000 
36.85033000 38.07023000 
36.85227000 38.07021000 
36.85422000 38.07020000 
36.85616000 38.07019000 
36.85810000 38.07017000 
36.86005000 38.07016000 
36.86199000 38.07015000 
36.86393000 38.07014000 
36.86587000 38.07012000 
36.86782000 38.07011000 
36.86976000 38.07010000 
36.87170000 38.07008000 
36.87364000 38.07007000 
36.87559000 38.07006000 
36.87753000 38.07004000 
36.87947000 38.07003000 
36.88142000 38.07001000 
36.88338000 38.07154000 
36.88336000 38.07000000 
36.88532000 38.07152000 
36.88727000 38.07151000 
36.88921000 38.07150000 
36.89115000 38.07148000 
36.89309000 38.07147000 
36.89504000 38.07145000 
36.89698000 38.07144000 
36.89892000 38.07143000 
36.90087000 38.07141000 
36.90281000 38.07140000 
36.90475000 38.07138000 
36.90669000 38.07137000 
36.90864000 38.07136000 
36.91058000 38.07134000 
36.91252000 38.07133000 
36.91446000 38.07131000 
36.91641000 38.07130000 
36.91835000 38.07129000 
36.92029000 38.07127000 
36.92224000 38.07126000 
36.92418000 38.07124000 
36.92612000 38.07123000 
36.92806000 38.07121000 
36.93001000 38.07120000 
36.93195000 38.07119000 
36.93389000 38.07117000 
36.93583000 38.07116000 
36.93778000 38.07114000 
36.93970000 38.06959000 
36.94164000 38.06958000 
36.94358000 38.06956000 
36.94550000 38.06801000 
36.94744000 38.06800000 
36.94939000 38.06798000 
36.95131000 38.06643000 
36.95325000 38.06642000 
36.95519000 38.06640000 
36.95711000 38.06485000 
36.95905000 38.06484000 
36.96099000 38.06482000 
36.96294000 38.06481000 
36.96291000 38.06327000 
36.96485000 38.06326000 
36.96680000 38.06324000 
36.96874000 38.06323000 
36.97068000 38.06321000 
36.97262000 38.06320000 
36.97457000 38.06318000 
36.97651000 38.06317000 
36.97845000 38.06315000 
36.98039000 38.06314000 
36.98037000 38.06160000 
36.98231000 38.06159000 
36.98426000 38.06157000 
36.98620000 38.06156000 
36.98814000 38.06154000 
36.99008000 38.06153000 
36.99203000 38.06151000 
36.99397000 38.06149000 
36.99589000 38.05994000 
36.99783000 38.05993000 
36.99977000 38.05991000 
37.00171000 38.05990000 
37.00365000 38.05988000 
37.00557000 38.05833000 
37.00751000 38.05832000 
37.00946000 38.05830000 
37.01140000 38.05828000 
37.01334000 38.05827000 
37.01332000 38.05673000 
37.01526000 38.05672000 
37.01720000 38.05670000 
37.01914000 38.05668000 
37.02109000 38.05667000 
37.02303000 38.05665000 
37.02494000 38.05510000 
37.02689000 38.05509000 
37.02883000 38.05507000 
37.03077000 38.05505000 
37.03075000 38.05352000 
37.03269000 38.05350000 
37.03463000 38.05349000 
37.03657000 38.05347000 
37.03851000 38.05345000 
37.04046000 38.05344000 
37.04237000 38.05188000 
37.04431000 38.05187000 
37.04626000 38.05185000 
37.04820000 38.05184000 
37.05012000 38.05028000 
37.05206000 38.05027000 
37.05400000 38.05025000 
37.05594000 38.05023000 
37.05788000 38.05022000 
37.05980000 38.04867000 
37.06174000 38.04865000 
37.06368000 38.04863000 
37.06563000 38.04862000 
37.06560000 38.04708000 
37.06754000 38.04706000 
37.06948000 38.04705000 
37.07142000 38.04703000 
37.07337000 38.04701000 
37.07531000 38.04700000 
37.07722000 38.04544000 
37.07917000 38.04543000 
37.08111000 38.04541000 
37.08305000 38.04539000 
37.08499000 38.04538000 
37.08691000 38.04382000 
37.08885000 38.04381000 
37.09079000 38.04379000 
37.09273000 38.04377000 
37.09467000 38.04375000 
37.09659000 38.04220000 
37.09853000 38.04218000 
37.10047000 38.04217000 
37.10241000 38.04215000 
37.10436000 38.04213000 
37.10627000 38.04058000 
37.10821000 38.04056000 
37.11015000 38.04054000 
37.11210000 38.04053000 
37.11404000 38.04051000 
37.11401000 38.03897000 
37.11595000 38.03896000 
37.11789000 38.03894000 
37.11984000 38.03892000 
37.12178000 38.03890000 
37.12369000 38.03735000 
37.12563000 38.03733000 
37.12758000 38.03731000 
37.12949000 38.03576000 
37.13143000 38.03574000 
37.13337000 38.03572000 
37.13531000 38.03571000 
37.13723000 38.03415000 
37.13917000 38.03414000 
37.14111000 38.03412000 
37.14302000 38.03256000 
37.14497000 38.03255000 
37.14691000 38.03253000 
37.14885000 38.03251000 
37.14882000 38.03097000 
37.15076000 38.03096000 
37.15270000 38.03094000 
37.15465000 38.03092000 
37.15659000 38.03090000 
37.15853000 38.03088000 
37.16047000 38.03086000 
37.16241000 38.03085000 
37.16432000 38.02929000 
37.16627000 38.02927000 
37.16821000 38.02925000 
37.17015000 38.02924000 
37.17209000 38.02922000 
37.17403000 38.02920000 
37.17597000 38.02918000 
37.17791000 38.02916000 
37.17986000 38.02914000 
37.18180000 38.02912000 
37.18177000 38.02759000 
37.18371000 38.02757000 
37.18565000 38.02755000 
37.18759000 38.02753000 
37.18953000 38.02751000 
37.19148000 38.02749000 
37.19342000 38.02747000 
37.19533000 38.02592000 
37.19727000 38.02590000 
37.19921000 38.02588000 
37.20115000 38.02586000 
37.20306000 38.02431000 
37.20501000 38.02429000 
37.20695000 38.02427000 
37.20889000 38.02425000 
37.21080000 38.02270000 
37.21274000 38.02268000 
37.21468000 38.02266000 
37.21662000 38.02264000 
37.21659000 38.02110000 
37.21853000 38.02108000 
37.22048000 38.02106000 
37.22242000 38.02104000 
37.22436000 38.02102000 
37.22630000 38.02100000 
37.22824000 38.02098000 
37.23018000 38.02096000 
37.23212000 38.02094000 
37.23406000 38.02092000 
37.23601000 38.02090000 
37.23795000 38.02088000 
37.23792000 38.01935000 
37.23986000 38.01933000 
37.24180000 38.01931000 
37.24374000 38.01929000 
37.24568000 38.01927000 
37.24762000 38.01925000 
37.24956000 38.01923000 
37.25150000 38.01921000 
37.25345000 38.01919000 
37.25536000 38.01763000 
37.25730000 38.01761000 
37.25924000 38.01759000 
37.26118000 38.01757000 
37.26312000 38.01755000 
37.26506000 38.01753000 
37.26503000 38.01600000 
37.26697000 38.01598000 
37.26891000 38.01596000 
37.27085000 38.01594000 
37.27280000 38.01592000 
37.27474000 38.01590000 
37.27668000 38.01587000 
37.27859000 38.01432000 
37.28053000 38.01430000 
37.28247000 38.01428000 
37.28441000 38.01426000 
37.28635000 38.01424000 
37.28826000 38.01268000 
37.29020000 38.01266000 
37.29214000 38.01264000 
37.29408000 38.01262000 
37.29602000 38.01260000 
37.29599000 38.01106000 
37.29793000 38.01104000 
37.29987000 38.01102000 
37.30182000 38.01100000 
37.30376000 38.01098000 
37.30566000 38.00942000 
37.30761000 38.00940000 
37.30955000 38.00938000 
37.31149000 38.00936000 
37.31146000 38.00782000 
37.31340000 38.00780000 
37.31534000 38.00778000 
37.31728000 38.00776000 
37.31919000 38.00620000 
37.32113000 38.00618000 
37.32307000 38.00616000 
37.32501000 38.00614000 
37.32498000 38.00460000 
37.32692000 38.00458000 
37.32886000 38.00456000 
37.33080000 38.00454000 
37.33271000 38.00298000 
37.33465000 38.00296000 
37.33659000 38.00294000 
37.33853000 38.00292000 
37.33850000 38.00138000 
37.34044000 38.00136000 
37.34238000 38.00134000 
37.34432000 38.00132000 
37.34626000 38.00130000 
37.34817000 37.99974000 
37.35011000 37.99972000 
37.35201000 37.99816000 
37.35395000 37.99814000 
37.35590000 37.99812000 
37.35780000 37.99656000 
37.35974000 37.99654000 
37.36168000 37.99652000 
37.36165000 37.99498000 
37.36359000 37.99496000 
37.36553000 37.99494000 
37.36744000 37.99338000 
37.36938000 37.99336000 
37.37132000 37.99334000 
37.37323000 37.99178000 
37.37517000 37.99176000 
37.37711000 37.99173000 
37.37707000 37.99020000 
37.37901000 37.99018000 
37.38095000 37.99015000 
37.38289000 37.99013000 
37.38861000 37.98546000 
37.39055000 37.98544000 
37.39052000 37.98390000 
37.39246000 37.98388000 
37.39436000 37.98232000 
37.39630000 37.98230000 
37.39821000 37.98074000 
37.40015000 37.98072000 
37.40206000 37.97916000 
37.40400000 37.97914000 
37.40590000 37.97758000 
37.40784000 37.97756000 
37.40978000 37.97753000 
37.41172000 37.97751000 
37.41366000 37.97749000 
37.41363000 37.97595000 
37.41557000 37.97593000 
37.41751000 37.97591000 
37.41945000 37.97588000 
37.42139000 37.97586000 
37.42333000 37.97584000 
37.42527000 37.97581000 
37.42717000 37.97426000 
37.42915000 37.97577000 
37.43109000 37.97574000 
37.43303000 37.97572000 
37.43500000 37.97723000 
37.43694000 37.97721000 
37.84223840 38.15768575 
37.84443589 38.15935303 
37.84813542 38.16266370 
37.84628596 38.16093061 
37.69098414 38.01069934 
37.85132176 38.16656717 
37.85098135 38.16493980 
37.85188846 38.16971879 
37.85163978 38.16803562 
37.46018000 37.97539000 
37.46212000 37.97537000 
37.46406000 37.97534000 
37.46600000 37.97532000 
37.46794000 37.97529000 
37.46988000 37.97527000 
37.47182000 37.97525000 
37.47376000 37.97522000 
37.47570000 37.97520000 
37.47567000 37.97366000 
37.47764000 37.97517000 
37.47962000 37.97668000 
37.48159000 37.97819000 
37.48350000 37.97663000 
37.48544000 37.97661000 
37.48738000 37.97659000 
37.48932000 37.97656000 
37.49126000 37.97654000 
37.49320000 37.97651000 
37.49510000 37.97495000 
37.49704000 37.97493000 
37.49898000 37.97490000 
37.50092000 37.97488000 
37.50286000 37.97485000 
37.50282000 37.97332000 
37.50480000 37.97483000 
37.50674000 37.97481000 
37.50872000 37.97631000 
37.51066000 37.97629000 
37.51260000 37.97627000 
37.51457000 37.97777000 
37.51651000 37.97775000 
37.51845000 37.97773000 
37.52039000 37.97770000 
37.52233000 37.97768000 
37.52427000 37.97765000 
37.52621000 37.97762000 
37.52815000 37.97760000 
37.53013000 37.97911000 
37.53009000 37.97757000 
37.53207000 37.97908000 
37.53397000 37.97752000 
37.53591000 37.97750000 
37.53785000 37.97747000 
37.53979000 37.97745000 
37.54173000 37.97742000 
37.54367000 37.97740000 
37.54363000 37.97586000 
37.54557000 37.97584000 
37.54751000 37.97581000 
37.54945000 37.97579000 
37.55139000 37.97576000 
37.55333000 37.97574000 
37.55523000 37.97418000 
37.55717000 37.97415000 
37.55911000 37.97412000 
37.56105000 37.97410000 
37.56299000 37.97407000 
37.56493000 37.97405000 
37.56490000 37.97251000 
37.56683000 37.97249000 
37.56877000 37.97246000 
37.57071000 37.97243000 
37.57265000 37.97241000 
37.57459000 37.97238000 
37.57653000 37.97236000 
37.57847000 37.97233000 
37.58041000 37.97230000 
37.58235000 37.97228000 
37.43706613 37.97521568 
37.58429000 37.97225000 
37.43900613 37.97518569 
37.58623000 37.97223000 
37.44094614 37.97516569 
37.58817000 37.97220000 
37.44292614 37.97667544 
37.44288613 37.97513569 
37.59011000 37.97217000 
37.59007000 37.97064000 
37.44486613 37.97664544 
37.59201000 37.97061000 
37.44680613 37.97661545 
37.59395000 37.97059000 
37.44874614 37.97659545 
37.59585000 37.96903000 
37.59581000 37.96749000 
37.45068613 37.97656546 
37.59775000 37.96746000 
37.45262613 37.97654546 
37.45456613 37.97651547 
37.45650613 37.97648547 
37.60267169 37.97014673 
37.60465169 37.97165664 
37.60659169 37.97162664 
37.60857169 37.97313655 
37.61051169 37.97310656 
37.61249169 37.97461647 
37.61447169 37.97612638 
37.61645169 37.97763629 
37.61641169 37.97609638 
37.61940000 37.97945000 
37.61839169 37.97760629 
37.62142000 37.98249000 
37.62138000 37.98096000 
37.62134000 37.97942000 
37.62340000 37.98400000 
37.62538000 37.98551000 
37.62736000 37.98701000 
37.62938000 37.99006000 
37.62934000 37.98852000 
37.63136000 37.99156000 
37.63334000 37.99307000 
37.63330000 37.99154000 
37.63528000 37.99304000 
37.63726000 37.99455000 
37.63924000 37.99606000 
37.63920000 37.99453000 
37.64118000 37.99603000 
37.64316000 37.99754000 
37.64514000 37.99905000 
37.64712000 38.00055000 
37.64906000 38.00053000 
37.65100000 38.00050000 
37.65298000 38.00201000 
37.65294000 38.00047000 
37.65492000 38.00198000 
37.65690000 38.00349000 
37.65884000 38.00346000 
37.66078000 38.00343000 
37.87308804 38.19880277 
37.66276000 38.00494000 
37.87506804 38.20030867 
37.66470000 38.00491000 
37.87700804 38.20027875 
37.66664000 38.00488000 
37.87898804 38.20178466 
37.66862000 38.00639000 
37.66858000 38.00486000 
37.67057000 38.00636000 
37.67052000 38.00483000 
37.67251000 38.00634000 
37.67449000 38.00784000 
37.67643000 38.00781000 
37.67837000 38.00779000 
37.68031000 38.00776000 
37.68229000 38.00927000 
37.68423000 38.00924000 
37.68617000 38.00921000 
37.68811000 38.00918000 
37.69005000 38.00915000 
37.69199000 38.00913000 
37.69393000 38.00910000 
37.69588000 38.00907000 
37.69782000 38.00904000 
37.69976000 38.00901000 
37.70215000 38.02587000 
37.70170000 38.00898000 
37.70409000 38.02584000 
37.70368000 38.01049000 
37.70364000 38.00896000 
37.70603000 38.02581000 
37.70566000 38.01200000 
37.70797000 38.02578000 
37.70760000 38.01197000 
37.70996000 38.02729000 
37.70991000 38.02575000 
37.70954000 38.01194000 
37.71190000 38.02726000 
37.71152000 38.01345000 
37.71148000 38.01191000 
37.71384000 38.02723000 
37.71347000 38.01342000 
37.71578000 38.02720000 
37.71541000 38.01339000 
37.71772000 38.02717000 
37.71735000 38.01336000 
37.71970000 38.02868000 
37.71929000 38.01333000 
37.72164000 38.02865000 
37.72127000 38.01484000 
37.72363000 38.03016000 
37.72321000 38.01481000 
37.72561000 38.03166000 
37.72515000 38.01478000 
37.72755000 38.03163000 
37.72709000 38.01475000 
37.72953000 38.03314000 
37.72903000 38.01472000 
37.73152000 38.03465000 
37.73097000 38.01470000 
37.73350000 38.03615000 
37.73346000 38.03462000 
37.73292000 38.01467000 
37.73544000 38.03612000 
37.73486000 38.01464000 
37.73743000 38.03763000 
37.73738000 38.03609000 
37.73680000 38.01461000 
37.73937000 38.03760000 
37.73874000 38.01458000 
37.74131000 38.03757000 
37.74068000 38.01455000 
37.74329000 38.03908000 
37.74262000 38.01452000 
37.74523000 38.03905000 
37.74456000 38.01449000 
37.74718000 38.03902000 
37.74650000 38.01446000 
37.74844000 38.01443000 
37.75038000 38.01441000 
37.75232000 38.01438000 
37.75507000 38.04351000 
37.75431000 38.01588000 
37.75427000 38.01435000 
37.75705000 38.04501000 
37.75701000 38.04348000 
37.75625000 38.01585000 
37.75899000 38.04498000 
37.75819000 38.01582000 
37.76098000 38.04649000 
37.76013000 38.01579000 
37.76292000 38.04646000 
37.76207000 38.01577000 
37.76490000 38.04796000 
37.76405000 38.01727000 
37.76401000 38.01574000 
37.76689000 38.04947000 
37.76600000 38.01724000 
37.76883000 38.04944000 
37.76794000 38.01721000 
37.76992000 38.01872000 
37.77186000 38.01869000 
37.77380000 38.01866000 
37.77579000 38.02016000 
37.77515094 38.05312276 
37.77773000 38.02013000 
37.77718094 38.05615279 
37.77713094 38.05462278 
37.77967000 38.02010000 
37.77920094 38.05919283 
37.77916094 38.05766281 
37.78161000 38.02007000 
37.78475000 38.06301000 
37.78119094 38.06070284 
37.78355000 38.02004000 
37.78317094 38.06220286 
37.78549000 38.02001000 
37.78743000 38.01998000 
37.78942000 38.02149000 
37.78937000 38.01995000 
37.79136000 38.02146000 
37.79330000 38.02143000 
37.69108991 38.01493095 
37.69104991 38.01339989 
37.69100991 38.01186882 
37.79524000 38.02140000 
37.69311991 38.01797307 
37.69307991 38.01644200 
37.79718000 38.02137000 
37.80129000 38.09807000 
37.80124000 38.09654000 
37.80120000 38.09500000 
37.69514991 38.02101518 
37.69510991 38.01948412 
37.79912000 38.02134000 
37.80332000 38.10111000 
37.80327000 38.09958000 
37.78554803 38.06624750 
37.78549803 38.06470715 
37.69713991 38.02252624 
37.80106000 38.02131000 
37.80530000 38.10262000 
37.78757803 38.06928818 
37.78752803 38.06774783 
37.69911991 38.02402728 
37.80300000 38.02128000 
37.80733000 38.10566000 
37.80729000 38.10412000 
37.78955803 38.07078852 
37.80494000 38.02125000 
37.80937000 38.10870000 
37.80932000 38.10716000 
37.79158803 38.07382920 
37.79154803 38.07228885 
37.80688000 38.02122000 
37.81140000 38.11174000 
37.81135000 38.11020000 
37.79357803 38.07532954 
37.77009832 38.05059612 
37.80883000 38.02119000 
37.81343000 38.11477000 
37.81338000 38.11324000 
37.79560803 38.07837022 
37.79556803 38.07683988 
37.77207832 38.05209658 
37.81081000 38.02269000 
37.81077000 38.02116000 
37.81541000 38.11628000 
37.79759803 38.07988056 
37.77406832 38.05360705 
37.81275000 38.02266000 
37.81745000 38.11932000 
37.81740000 38.11778000 
37.79957803 38.08138090 
37.77604832 38.05510752 
37.81469000 38.02263000 
37.81943000 38.12082000 
37.80156803 38.08289124 
37.75267952 38.04237631 
37.75117040 38.04104826 
37.74932795 38.03977782 
37.81663000 38.02260000 
37.82142000 38.12233000 
37.80110352 38.09402452 
37.80106352 38.09249450 
37.80101352 38.09095449 
37.80097351 38.08942448 
37.80093352 38.08788446 
37.80088351 38.08635445 
37.80084352 38.08481443 
37.80080351 38.08328442 
37.80075352 38.08174440 
37.81857000 38.02257000 
37.82416786 38.12867256 
37.82052000 38.02254000 
37.82566000 38.13454000 
37.82246000 38.02251000 
37.82769000 38.13758000 
37.82765000 38.13605000 
37.82444000 38.02402000 
37.82440000 38.02248000 
37.82968000 38.13909000 
37.82312849 38.12761378 
37.82307849 38.12608444 
37.82303849 38.12455510 
37.82299849 38.12301576 
37.82638000 38.02399000 
37.83171000 38.14213000 
37.83167000 38.14059000 
37.82524850 38.13372114 
37.82519849 38.13219180 
37.82515850 38.13065247 
37.82473225 38.12946071 
37.82832000 38.02395000 
37.83375000 38.14517000 
37.83370000 38.14363000 
37.83026000 38.02392000 
37.83574000 38.14667000 
37.83569000 38.14514000 
37.83221000 38.02389000 
37.83777000 38.14971000 
37.83772000 38.14817000 
37.83415000 38.02386000 
37.83980000 38.15275000 
37.83976000 38.15121000 
37.83609000 38.02383000 
37.84184000 38.15579000 
37.84179000 38.15425000 
37.83803000 38.02380000 
37.84001000 38.02531000 
37.83997000 38.02377000 
37.84196000 38.02527000 
37.84390000 38.02524000 
37.85001708 38.16358710 
37.84584000 38.02521000 
37.85210000 38.17405000 
37.85205000 38.17252000 
37.85201000 38.17098000 
37.84778000 38.02518000 
37.85409000 38.17556000 
37.84972000 38.02515000 
37.85612000 38.17859000 
37.85608000 38.17706000 
37.85166000 38.02512000 
37.85811000 38.18010000 
37.85360000 38.02509000 
37.86015000 38.18314000 
37.86010000 38.18160000 
37.85554000 38.02506000 
37.86214000 38.18464000 
37.85748000 38.02503000 
37.86417000 38.18768000 
37.86413000 38.18614000 
37.85943000 38.02500000 
37.86616000 38.18918000 
37.86137000 38.02497000 
37.86820000 38.19222000 
37.86815000 38.19069000 
37.86331000 38.02493000 
37.87019000 38.19372000 
37.86525000 38.02490000 
37.87218000 38.19523000 
37.86719000 38.02487000 
37.86913000 38.02484000 
37.87107000 38.02481000 
37.87829000 38.20434000 
37.87301000 38.02478000 
37.88028000 38.20585000 
37.88024000 38.20431000 
37.87495000 38.02475000 
37.88227000 38.20735000 
37.87690000 38.02472000 
37.88426000 38.20885000 
37.87879000 38.02315000 
37.88626000 38.21036000 
37.88073000 38.02312000 
37.88825000 38.21186000 
37.88267000 38.02309000 
37.89024000 38.21336000 
37.88461000 38.02305000 
37.89223000 38.21487000 
37.88656000 38.02302000 
37.89422000 38.21637000 
37.88850000 38.02299000 
37.88845000 38.02146000 
37.89622000 38.21787000 
37.89039000 38.02143000 
37.89821000 38.21938000 
37.89233000 38.02139000 
37.89427000 38.02136000 
37.89622000 38.02133000 
37.89816000 38.02130000 
37.89811000 38.01976000 
37.90005000 38.01973000 
37.90199000 38.01970000 
37.90393000 38.01967000 
37.90587000 38.01964000 
37.90782000 38.01960000 
37.90971000 38.01804000 
37.91165000 38.01801000 
37.91359000 38.01797000 
37.91553000 38.01794000 
37.91747000 38.01791000 
37.91941000 38.01788000 
37.92136000 38.01785000 
37.92330000 38.01781000 
37.92325000 38.01628000 
37.92519000 38.01625000 
37.92713000 38.01621000 
37.92907000 38.01618000 
37.93101000 38.01615000 
37.93295000 38.01612000 
37.93490000 38.01609000 
37.93684000 38.01605000 
37.93679000 38.01452000 
37.93873000 38.01449000 
37.94067000 38.01445000 
37.94261000 38.01442000 
37.94455000 38.01439000 
37.94649000 38.01436000 
37.94839000 38.01279000 
37.95033000 38.01276000 
37.95227000 38.01272000 
37.95421000 38.01269000 
37.95615000 38.01266000 
37.95809000 38.01262000 
37.96003000 38.01259000 
37.95998000 38.01106000 
37.96193000 38.01102000 
37.96387000 38.01099000 
37.96576000 38.00942000 
37.96770000 38.00939000 
37.96964000 38.00936000 
37.97153000 38.00779000 
37.97347000 38.00776000 
37.97542000 38.00772000 
37.97736000 38.00769000 
37.97930000 38.00766000 
37.98124000 38.00762000 
37.98119000 38.00609000 
37.98313000 38.00606000 
37.98507000 38.00602000 
37.98701000 38.00599000 
37.98895000 38.00596000 
37.99089000 38.00592000 
37.99283000 38.00589000 
37.99477000 38.00586000 
37.99671000 38.00582000 
37.99865000 38.00579000 
37.99861000 38.00425000 
38.00055000 38.00422000 
38.00249000 38.00419000 
38.00443000 38.00415000 
38.00637000 38.00412000 
38.00831000 38.00409000 
38.01025000 38.00405000 
38.01219000 38.00402000 
38.01413000 38.00398000 
38.01607000 38.00395000 
38.01801000 38.00392000 
38.01995000 38.00388000 
38.02189000 38.00385000 
38.02383000 38.00381000 
38.02577000 38.00378000 
38.02771000 38.00375000 
38.02965000 38.00371000 
38.03159000 38.00368000 
38.03353000 38.00364000 
38.03547000 38.00361000 
38.03741000 38.00358000 
38.03935000 38.00354000 
38.04130000 38.00351000 
38.04324000 38.00347000 
38.04518000 38.00344000 
38.04712000 38.00340000 
38.04906000 38.00337000 
38.05100000 38.00333000 
38.05095000 38.00180000 
38.05289000 38.00177000 
38.05483000 38.00173000 
38.05677000 38.00170000 
38.05871000 38.00166000 
38.06065000 38.00163000 
38.06259000 38.00159000 
38.06453000 38.00156000 
38.06647000 38.00152000 
38.06841000 38.00149000 
38.07035000 38.00145000 
38.07229000 38.00142000 
38.07423000 38.00138000 
38.07418000 37.99985000 
38.07612000 37.99981000 
38.07806000 37.99978000 
38.08000000 37.99974000 
38.08194000 37.99971000 
38.08388000 37.99967000 
38.08582000 37.99964000 
38.08776000 37.99960000 
38.08970000 37.99957000 
38.09164000 37.99953000 
38.09359000 37.99950000 
38.09553000 37.99946000 
38.09548000 37.99793000 
38.09742000 37.99789000 
38.09936000 37.99786000 
38.10130000 37.99782000 
38.10324000 37.99779000 
38.10518000 37.99775000 
38.10712000 37.99772000 
38.10707000 37.99618000 
38.10901000 37.99615000 
38.11095000 37.99611000 
38.11284000 37.99454000 
38.11478000 37.99450000 
38.11672000 37.99447000 
38.11866000 37.99443000 
38.12060000 37.99440000 
38.12254000 37.99436000 
38.12448000 37.99433000 
38.12642000 37.99429000 
38.12836000 37.99425000 
38.13035000 37.99575000 
38.13030000 37.99422000 
38.13229000 37.99572000 
38.13423000 37.99568000 
38.13617000 37.99564000 
38.13811000 37.99561000 
38.14005000 37.99557000 
38.14199000 37.99554000 
38.14393000 37.99550000 
38.14587000 37.99546000 
38.14781000 37.99543000 
