36.9336357       37.1031761       4.03805304    fault_seg_1   
36.9640884       37.0902863       38.9048691    fault_seg_1 
37.2294998       37.4875793       38.9048691    fault_seg_1 
37.1990471       37.5004692       4.03805304    fault_seg_1 
36.9336357       37.1031761       4.03805304    fault_seg_1 
36.8510895       37.3793068       2.03805304    fault_seg_2
36.8683968       37.3555298       36.9048691    fault_seg_2
38.6865005       38.1879654       36.9048691    fault_seg_2
38.6691895       38.2117386       2.03805304    fault_seg_2
36.8510895       37.3793068       2.03805304    fault_seg_2
36.0710907       36.0910835       1.88670862    fault_seg_3
36.1640434       36.0566292       35.6941109    fault_seg_3
36.9057121       37.3208275       35.6941109    fault_seg_3
36.8127594       37.3552818       1.88670862    fault_seg_3
36.0710907       36.0910835       1.88670862    fault_seg_3