35.87799000 40.56529000 
35.88000000 40.56530000 
35.88202000 40.56530000 
35.88404000 40.56531000 
35.88606000 40.56531000 
35.88807000 40.56531000 
35.89009000 40.56532000 
35.89211000 40.56532000 
35.89413000 40.56533000 
35.89615000 40.56533000 
35.89816000 40.56533000 
35.90018000 40.56534000 
35.90220000 40.56534000 
35.90422000 40.56535000 
35.90623000 40.56535000 
35.90825000 40.56535000 
35.90825000 40.56382000 
35.91027000 40.56382000 
35.91229000 40.56382000 
35.91430000 40.56383000 
35.91632000 40.56383000 
35.91834000 40.56383000 
35.92036000 40.56384000 
35.92237000 40.56384000 
35.92439000 40.56385000 
35.92641000 40.56385000 
35.92843000 40.56385000 
35.93044000 40.56386000 
35.93246000 40.56386000 
35.93448000 40.56386000 
35.93650000 40.56387000 
35.93851000 40.56387000 
35.94053000 40.56387000 
35.94255000 40.56388000 
35.94457000 40.56388000 
35.94659000 40.56388000 
35.94860000 40.56389000 
35.95062000 40.56389000 
35.95264000 40.56389000 
35.95466000 40.56543000 
35.95466000 40.56390000 
35.95667000 40.56544000 
35.95869000 40.56544000 
35.96071000 40.56698000 
35.96273000 40.56698000 
35.96475000 40.56853000 
35.96677000 40.56853000 
35.96878000 40.56853000 
35.97080000 40.56853000 
35.97282000 40.56854000 
35.97484000 40.56700000 
35.97685000 40.56700000 
35.97887000 40.56701000 
35.98089000 40.56701000 
35.98290000 40.56547000 
35.98492000 40.56548000 
35.98694000 40.56548000 
35.98895000 40.56394000 
35.99097000 40.56394000 
35.99299000 40.56395000 
35.99501000 40.56241000 
35.99702000 40.56241000 
35.99904000 40.56242000 
36.00106000 40.56242000 
36.00106000 40.56088000 
36.00307000 40.56088000 
36.00509000 40.56088000 
36.00711000 40.56089000 
36.00913000 40.56089000 
36.01114000 40.56089000 
36.01316000 40.56089000 
36.01316000 40.55935000 
36.01518000 40.55936000 
36.01719000 40.55936000 
36.01921000 40.56090000 
36.01921000 40.55936000 
36.02123000 40.56090000 
36.02325000 40.56244000 
36.02527000 40.56398000 
36.02729000 40.56398000 
36.02931000 40.56398000 
36.03132000 40.56399000 
36.03334000 40.56399000 
36.03536000 40.56399000 
36.03737000 40.56245000 
36.03939000 40.56245000 
36.04141000 40.56246000 
36.04343000 40.56246000 
36.04544000 40.56246000 
36.04746000 40.56092000 
36.04948000 40.56092000 
36.05149000 40.56092000 
36.05351000 40.56093000 
36.05553000 40.56093000 
36.05553000 40.55939000 
36.05754000 40.55939000 
36.05956000 40.55939000 
36.06158000 40.55939000 
36.06359000 40.55939000 
36.06561000 40.55939000 
36.06763000 40.55939000 
36.06965000 40.56093000 
36.06965000 40.55940000 
36.07167000 40.56094000 
36.07369000 40.56094000 
36.07570000 40.56094000 
36.07772000 40.56094000 
36.07974000 40.56094000 
36.08176000 40.56094000 
36.08377000 40.56094000 
36.08579000 40.56094000 
36.08781000 40.56094000 
36.08983000 40.56094000 
36.09184000 40.56094000 
36.09386000 40.55941000 
36.09587000 40.55941000 
36.09789000 40.55941000 
36.09991000 40.55941000 
36.10193000 40.55941000 
36.10394000 40.55941000 
36.10596000 40.55941000 
36.10798000 40.55941000 
36.10797000 40.55787000 
36.10999000 40.55787000 
36.11201000 40.55787000 
36.11403000 40.55787000 
36.11604000 40.55787000 
36.11806000 40.55787000 
36.12008000 40.55787000 
36.12210000 40.55787000 
36.12411000 40.55787000 
36.12613000 40.55787000 
36.12815000 40.55787000 
36.13017000 40.55787000 
36.13218000 40.55787000 
36.13420000 40.55787000 
36.13622000 40.55787000 
36.13824000 40.55787000 
36.14025000 40.55787000 
36.14227000 40.55787000 
36.14429000 40.55787000 
36.14631000 40.55787000 
36.14832000 40.55787000 
36.15034000 40.55787000 
36.15236000 40.55787000 
36.15438000 40.55787000 
36.15639000 40.55633000 
36.15840000 40.55633000 
36.16042000 40.55633000 
36.16244000 40.55633000 
36.16243000 40.55479000 
36.16445000 40.55479000 
36.16647000 40.55479000 
36.16848000 40.55479000 
36.17051000 40.55632000 
36.17050000 40.55479000 
36.17253000 40.55632000 
36.17455000 40.55786000 
36.17657000 40.55786000 
36.17859000 40.55940000 
36.18061000 40.55940000 
36.18263000 40.55939000 
36.18464000 40.55939000 
36.18666000 40.55939000 
36.18868000 40.55939000 
36.19069000 40.55785000 
36.19271000 40.55785000 
36.19472000 40.55785000 
36.19674000 40.55785000 
36.19876000 40.55785000 
36.20078000 40.55785000 
36.20279000 40.55784000 
36.20481000 40.55784000 
36.20683000 40.55784000 
36.20885000 40.55784000 
36.21086000 40.55784000 
36.21288000 40.55784000 
36.21287000 40.55630000 
36.21489000 40.55630000 
36.21691000 40.55629000 
36.21892000 40.55629000 
36.22094000 40.55629000 
36.22296000 40.55629000 
36.22498000 40.55629000 
36.22699000 40.55629000 
36.22901000 40.55628000 
36.23103000 40.55628000 
36.23305000 40.55628000 
36.23506000 40.55628000 
36.23708000 40.55628000 
36.23910000 40.55627000 
36.24112000 40.55627000 
36.24313000 40.55627000 
36.24515000 40.55627000 
36.24718000 40.55780000 
36.24717000 40.55627000 
36.24920000 40.55934000 
36.25122000 40.55934000 
36.25325000 40.56087000 
36.25527000 40.56241000 
36.25729000 40.56241000 
36.25931000 40.56394000 
36.26134000 40.56548000 
36.26336000 40.56548000 
36.26538000 40.56701000 
36.26739000 40.56547000 
36.26738000 40.56393000 
36.26939000 40.56239000 
36.27140000 40.56085000 
36.27139000 40.55931000 
36.27341000 40.55931000 
36.27543000 40.55931000 
36.27745000 40.55931000 
36.27946000 40.55930000 
36.28148000 40.55930000 
36.28350000 40.55930000 
36.28552000 40.55929000 
36.28753000 40.55929000 
36.28955000 40.55929000 
36.29157000 40.55929000 
36.29359000 40.55928000 
36.29560000 40.55928000 
36.29762000 40.55928000 
36.29964000 40.55927000 
36.30166000 40.55927000 
36.30367000 40.55927000 
36.30569000 40.55926000 
36.30771000 40.55926000 
36.30973000 40.55926000 
36.31174000 40.55925000 
36.31376000 40.55925000 
36.31578000 40.55925000 
36.31780000 40.55924000 
36.31981000 40.55924000 
36.32183000 40.55924000 
36.32385000 40.55923000 
36.32588000 40.56077000 
36.32587000 40.55923000 
36.32789000 40.56076000 
36.32991000 40.56076000 
36.33193000 40.56076000 
36.33395000 40.56075000 
36.33596000 40.56075000 
36.33798000 40.56075000 
36.34000000 40.56074000 
36.34202000 40.56074000 
36.34403000 40.56073000 
36.34605000 40.56073000 
36.34807000 40.56073000 
36.35009000 40.56072000 
36.35210000 40.56072000 
36.35412000 40.56071000 
36.35614000 40.56071000 
36.35817000 40.56224000 
36.36018000 40.56224000 
36.36220000 40.56223000 
36.36422000 40.56223000 
36.36624000 40.56223000 
36.36825000 40.56222000 
36.37027000 40.56222000 
36.37229000 40.56221000 
36.37431000 40.56221000 
36.37632000 40.56220000 
36.37834000 40.56220000 
36.38036000 40.56220000 
36.38238000 40.56219000 
36.38439000 40.56219000 
36.38641000 40.56218000 
36.38843000 40.56218000 
36.39045000 40.56217000 
36.39246000 40.56217000 
36.39448000 40.56216000 
36.39650000 40.56216000 
36.39852000 40.56215000 
36.40053000 40.56215000 
36.40255000 40.56214000 
36.40457000 40.56214000 
36.40659000 40.56213000 
36.40860000 40.56213000 
36.41062000 40.56212000 
36.41264000 40.56212000 
36.41466000 40.56211000 
36.41668000 40.56211000 
36.41869000 40.56210000 
36.42071000 40.56210000 
36.42273000 40.56209000 
36.42475000 40.56209000 
36.42676000 40.56208000 
36.42878000 40.56207000 
36.43080000 40.56207000 
36.43282000 40.56206000 
36.43483000 40.56206000 
36.43685000 40.56205000 
36.43887000 40.56205000 
36.44089000 40.56204000 
36.44290000 40.56204000 
36.44492000 40.56203000 
36.44694000 40.56202000 
36.44896000 40.56202000 
36.45097000 40.56201000 
36.45299000 40.56201000 
36.45501000 40.56200000 
36.45703000 40.56199000 
36.45904000 40.56199000 
36.46106000 40.56198000 
36.46308000 40.56198000 
36.46510000 40.56197000 
36.46711000 40.56196000 
36.46913000 40.56196000 
36.47115000 40.56195000 
36.47317000 40.56195000 
36.47518000 40.56194000 
36.47720000 40.56193000 
36.47922000 40.56193000 
36.48124000 40.56192000 
36.48325000 40.56191000 
36.48527000 40.56191000 
36.48729000 40.56190000 
36.48931000 40.56189000 
36.49132000 40.56189000 
36.49334000 40.56188000 
36.49536000 40.56187000 
36.49738000 40.56187000 
36.49938000 40.56032000 
36.50140000 40.56032000 
36.50341000 40.56031000 
36.50543000 40.56030000 
36.50745000 40.56030000 
36.50947000 40.56029000 
36.51148000 40.56028000 
36.51350000 40.56027000 
36.51349000 40.55874000 
36.51550000 40.55873000 
36.51752000 40.55872000 
36.51954000 40.55872000 
36.52156000 40.55871000 
36.52357000 40.55870000 
36.52559000 40.55869000 
36.52761000 40.55869000 
36.52963000 40.55868000 
36.53164000 40.55867000 
36.53366000 40.55866000 
36.53568000 40.55866000 
36.53770000 40.55865000 
36.53971000 40.55864000 
36.54173000 40.55864000 
36.54375000 40.55863000 
36.54577000 40.55862000 
36.54778000 40.55861000 
36.54980000 40.55860000 
36.55182000 40.55860000 
36.55384000 40.55859000 
36.55585000 40.55858000 
36.55787000 40.55857000 
36.55989000 40.55857000 
36.56191000 40.55856000 
36.56392000 40.55855000 
36.56594000 40.55854000 
36.56796000 40.55853000 
36.56998000 40.55853000 
36.57199000 40.55852000 
36.57198000 40.55698000 
36.57399000 40.55697000 
36.57601000 40.55696000 
36.57803000 40.55696000 
36.58005000 40.55695000 
36.58206000 40.55694000 
36.58408000 40.55693000 
36.58610000 40.55692000 
36.58812000 40.55692000 
36.59015000 40.55845000 
36.59013000 40.55691000 
36.59217000 40.55844000 
36.59418000 40.55843000 
36.59619000 40.55688000 
36.59820000 40.55687000 
36.60022000 40.55686000 
36.60224000 40.55686000 
36.60425000 40.55685000 
36.60627000 40.55684000 
36.60827000 40.55529000 
36.61029000 40.55528000 
36.61231000 40.55527000 
36.61432000 40.55527000 
36.61634000 40.55526000 
36.61836000 40.55525000 
36.61834000 40.55371000 
36.62036000 40.55370000 
36.62238000 40.55369000 
36.62439000 40.55368000 
36.62641000 40.55367000 
36.62843000 40.55366000 
36.63043000 40.55212000 
36.63245000 40.55211000 
36.63446000 40.55210000 
36.63648000 40.55209000 
36.63850000 40.55208000 
36.64050000 40.55053000 
36.64251000 40.55052000 
36.64453000 40.55051000 
36.64655000 40.55051000 
36.64857000 40.55050000 
36.64855000 40.54896000 
36.65056000 40.54895000 
36.65258000 40.54894000 
36.65460000 40.54893000 
36.65662000 40.54892000 
36.65863000 40.54891000 
36.66065000 40.54890000 
36.66267000 40.54889000 
36.66468000 40.54888000 
36.66670000 40.54887000 
36.66872000 40.54886000 
36.67074000 40.54885000 
36.67275000 40.54884000 
36.67477000 40.54883000 
36.67679000 40.54882000 
36.67880000 40.54881000 
36.68082000 40.54880000 
36.68282000 40.54725000 
36.68484000 40.54724000 
36.68685000 40.54723000 
36.68887000 40.54722000 
36.68885000 40.54569000 
36.69087000 40.54568000 
36.69289000 40.54567000 
36.69490000 40.54566000 
36.69692000 40.54564000 
36.69892000 40.54410000 
36.70094000 40.54409000 
36.70295000 40.54408000 
36.70497000 40.54407000 
36.70697000 40.54252000 
36.70898000 40.54251000 
36.71100000 40.54250000 
36.71302000 40.54249000 
36.71502000 40.54094000 
36.71703000 40.54093000 
36.71905000 40.54092000 
36.72105000 40.53937000 
36.72306000 40.53936000 
36.72508000 40.53934000 
36.72710000 40.53933000 
36.72708000 40.53780000 
36.72909000 40.53778000 
36.73111000 40.53777000 
36.73313000 40.53776000 
36.73514000 40.53775000 
36.73716000 40.53774000 
36.73918000 40.53773000 
36.74119000 40.53772000 
36.74321000 40.53771000 
36.74523000 40.53770000 
36.74724000 40.53769000 
36.74924000 40.53614000 
36.75126000 40.53612000 
36.75325000 40.53458000 
36.75527000 40.53456000 
36.75727000 40.53301000 
36.75928000 40.53300000 
36.76128000 40.53145000 
36.76330000 40.53144000 
36.76529000 40.52989000 
36.76527000 40.52835000 
36.76729000 40.52834000 
36.76931000 40.52833000 
36.77132000 40.52832000 
36.77334000 40.52831000 
36.77536000 40.52830000 
36.77735000 40.52675000 
36.77937000 40.52673000 
36.78138000 40.52672000 
36.78340000 40.52671000 
36.78542000 40.52670000 
36.78743000 40.52669000 
36.78741000 40.52515000 
36.78943000 40.52514000 
36.79144000 40.52512000 
36.79346000 40.52511000 
36.79548000 40.52510000 
36.79749000 40.52509000 
36.79951000 40.52508000 
36.80153000 40.52506000 
36.80354000 40.52505000 
36.80554000 40.52350000 
36.80755000 40.52349000 
36.80957000 40.52348000 
36.81159000 40.52347000 
36.81360000 40.52345000 
36.81562000 40.52344000 
36.81764000 40.52343000 
36.81965000 40.52342000 
36.82167000 40.52340000 
36.82368000 40.52339000 
36.82366000 40.52185000 
36.82568000 40.52184000 
36.82769000 40.52183000 
36.82971000 40.52181000 
36.83173000 40.52180000 
36.83374000 40.52179000 
36.83576000 40.52178000 
36.83778000 40.52176000 
36.83979000 40.52175000 
36.84181000 40.52174000 
36.84382000 40.52172000 
36.84584000 40.52171000 
36.84786000 40.52170000 
36.84987000 40.52169000 
36.85189000 40.52167000 
36.85391000 40.52166000 
36.86600000 40.52158000 
36.86802000 40.52157000 
36.86800000 40.52003000 
36.86797000 40.51849000 
36.87004000 40.52155000 
36.86997000 40.51694000 
36.86994000 40.51540000 
36.87203000 40.52000000 
36.87194000 40.51385000 
36.87191000 40.51231000 
36.87404000 40.51999000 
36.87391000 40.51076000 
36.87388000 40.50922000 
36.87604000 40.51844000 
36.87588000 40.50767000 
36.87585000 40.50613000 
36.87805000 40.51842000 
36.87785000 40.50458000 
36.87782000 40.50304000 
36.88005000 40.51687000 
36.88206000 40.51686000 
36.88406000 40.51531000 
36.88607000 40.51529000 
36.88806000 40.51374000 
36.89008000 40.51373000 
36.89207000 40.51218000 
36.89409000 40.51216000 
36.89608000 40.51061000 
36.89810000 40.51060000 
36.89807000 40.50906000 
36.90009000 40.50904000 
36.90208000 40.50749000 
36.90410000 40.50748000 
36.90609000 40.50593000 
36.90808000 40.50437000 
36.91007000 40.50282000 
36.91209000 40.50281000 
36.91408000 40.50125000 
36.91607000 40.49970000 
36.91806000 40.49815000 
36.92008000 40.49814000 
36.92207000 40.49658000 
36.92418000 40.50272000 
36.92416000 40.50118000 
36.92406000 40.49503000 
36.92620000 40.50271000 
36.92617000 40.50117000 
36.92615000 40.49963000 
36.92612000 40.49809000 
36.92610000 40.49655000 
36.92608000 40.49502000 
36.92605000 40.49348000 
36.92816000 40.49962000 
36.92814000 40.49808000 
36.92812000 40.49654000 
36.93011000 40.49499000 
36.93008000 40.49345000 
36.93207000 40.49190000 
36.93205000 40.49036000 
36.93406000 40.49034000 
36.93608000 40.49033000 
36.93812000 40.49185000 
36.93810000 40.49031000 
36.94013000 40.49184000 
36.94215000 40.49182000 
36.94417000 40.49181000 
36.94618000 40.49179000 
36.94817000 40.49024000 
36.95019000 40.49023000 
36.95220000 40.49021000 
36.95419000 40.48866000 
36.95621000 40.48864000 
36.95820000 40.48709000 
36.96021000 40.48708000 
36.96220000 40.48552000 
36.96422000 40.48551000 
36.96623000 40.48549000 
36.96621000 40.48395000 
36.96822000 40.48394000 
36.97024000 40.48392000 
36.97223000 40.48237000 
36.97424000 40.48235000 
36.97626000 40.48234000 
36.97827000 40.48232000 
36.98026000 40.48077000 
36.98228000 40.48076000 
36.98429000 40.48074000 
36.98631000 40.48072000 
36.98830000 40.47917000 
36.99031000 40.47916000 
36.99233000 40.47914000 
36.99434000 40.47912000 
36.99633000 40.47757000 
36.99834000 40.47755000 
37.00036000 40.47754000 
37.00237000 40.47752000 
37.00436000 40.47597000 
37.00638000 40.47595000 
37.00839000 40.47594000 
37.00837000 40.47440000 
37.01038000 40.47438000 
37.01239000 40.47437000 
37.01441000 40.47435000 
37.01640000 40.47280000 
37.01841000 40.47278000 
37.02043000 40.47277000 
37.02242000 40.47121000 
37.02443000 40.47120000 
37.02644000 40.47118000 
37.02843000 40.46962000 
37.03045000 40.46961000 
37.03243000 40.46805000 
37.03445000 40.46804000 
37.03646000 40.46802000 
37.03845000 40.46647000 
37.04047000 40.46645000 
37.04245000 40.46490000 
37.04447000 40.46488000 
37.04648000 40.46486000 
37.04847000 40.46331000 
37.05048000 40.46329000 
37.05247000 40.46174000 
37.05449000 40.46172000 
37.05650000 40.46170000 
37.05647000 40.46017000 
37.05849000 40.46015000 
37.06050000 40.46013000 
37.06252000 40.46011000 
37.06450000 40.45856000 
37.06652000 40.45854000 
37.06853000 40.45853000 
37.07052000 40.45697000 
37.07253000 40.45695000 
37.07455000 40.45694000 
37.07653000 40.45538000 
37.07855000 40.45536000 
37.08056000 40.45535000 
37.08255000 40.45379000 
37.08456000 40.45377000 
37.08657000 40.45376000 
37.08856000 40.45220000 
37.09057000 40.45218000 
37.09259000 40.45217000 
37.09457000 40.45061000 
37.09659000 40.45059000 
37.09860000 40.45058000 
37.09857000 40.44904000 
37.10059000 40.44902000 
37.10260000 40.44900000 
37.10459000 40.44745000 
37.10660000 40.44743000 
37.10861000 40.44741000 
37.11060000 40.44586000 
37.11261000 40.44584000 
37.11460000 40.44428000 
37.11661000 40.44427000 
37.11863000 40.44425000 
37.12061000 40.44269000 
37.12262000 40.44267000 
37.12461000 40.44112000 
37.12662000 40.44110000 
37.12861000 40.43954000 
37.13062000 40.43953000 
37.13263000 40.43951000 
37.13462000 40.43795000 
37.13663000 40.43793000 
37.13660000 40.43640000 
37.13862000 40.43638000 
37.14063000 40.43636000 
37.14264000 40.43634000 
37.14466000 40.43632000 
37.14667000 40.43630000 
37.14866000 40.43475000 
37.15067000 40.43473000 
37.15268000 40.43471000 
37.15470000 40.43469000 
37.15671000 40.43467000 
37.15872000 40.43466000 
37.16071000 40.43310000 
37.16272000 40.43308000 
37.16473000 40.43306000 
37.16675000 40.43304000 
37.16876000 40.43302000 
37.17077000 40.43301000 
37.17276000 40.43145000 
37.17477000 40.43143000 
37.17678000 40.43141000 
37.17880000 40.43139000 
37.18081000 40.43137000 
37.18282000 40.43135000 
37.18481000 40.42980000 
37.18682000 40.42978000 
37.18883000 40.42976000 
37.19085000 40.42974000 
37.19286000 40.42972000 
37.19487000 40.42970000 
37.19689000 40.42968000 
37.19686000 40.42814000 
37.19887000 40.42812000 
37.20088000 40.42811000 
37.20286000 40.42655000 
37.20488000 40.42653000 
37.20689000 40.42651000 
37.20887000 40.42495000 
37.21089000 40.42493000 
37.21287000 40.42337000 
37.21488000 40.42335000 
37.21689000 40.42334000 
37.21888000 40.42178000 
37.22089000 40.42176000 
37.22287000 40.42020000 
37.22488000 40.42018000 
37.22690000 40.42016000 
37.22888000 40.41860000 
37.23089000 40.41858000 
37.23287000 40.41703000 
37.23489000 40.41701000 
37.23690000 40.41699000 
37.23888000 40.41543000 
37.24089000 40.41541000 
37.24287000 40.41385000 
37.24489000 40.41383000 
37.24687000 40.41227000 
37.24888000 40.41225000 
37.25089000 40.41223000 
37.25086000 40.41069000 
37.25287000 40.41067000 
37.25489000 40.41065000 
37.25690000 40.41063000 
37.25888000 40.40907000 
37.26089000 40.40905000 
37.26290000 40.40903000 
37.26492000 40.40901000 
37.26693000 40.40899000 
37.26891000 40.40743000 
37.27092000 40.40741000 
37.27294000 40.40739000 
37.27495000 40.40737000 
37.27693000 40.40581000 
37.27894000 40.40579000 
37.28095000 40.40577000 
37.28297000 40.40575000 
37.28495000 40.40419000 
37.28696000 40.40417000 
37.28897000 40.40415000 
37.29098000 40.40413000 
37.29300000 40.40411000 
37.29296000 40.40257000 
37.29497000 40.40255000 
37.29699000 40.40253000 
37.29900000 40.40251000 
37.30101000 40.40249000 
37.30299000 40.40093000 
37.30500000 40.40091000 
37.30702000 40.40088000 
37.30903000 40.40086000 
37.31101000 40.39930000 
37.31302000 40.39928000 
37.31503000 40.39926000 
37.31701000 40.39770000 
37.31902000 40.39768000 
37.32104000 40.39766000 
37.32305000 40.39764000 
37.32503000 40.39608000 
37.32704000 40.39606000 
37.32905000 40.39603000 
37.33106000 40.39601000 
37.33304000 40.39445000 
37.33505000 40.39443000 
37.33707000 40.39441000 
37.33908000 40.39439000 
37.33904000 40.39285000 
37.34106000 40.39283000 
37.34307000 40.39281000 
37.34508000 40.39278000 
37.34706000 40.39122000 
37.34907000 40.39120000 
37.35108000 40.39118000 
37.35309000 40.39116000 
37.35507000 40.38960000 
37.35708000 40.38958000 
37.35910000 40.38955000 
37.36107000 40.38799000 
37.36308000 40.38797000 
37.36510000 40.38795000 
37.36707000 40.38639000 
37.36909000 40.38637000 
37.37110000 40.38634000 
37.37307000 40.38478000 
37.37509000 40.38476000 
37.37710000 40.38474000 
37.37908000 40.38318000 
37.38109000 40.38316000 
37.38310000 40.38313000 
37.38508000 40.38157000 
37.38709000 40.38155000 
37.38910000 40.38153000 
37.39108000 40.37997000 
37.39309000 40.37994000 
37.39510000 40.37992000 
37.39506000 40.37838000 
37.39708000 40.37836000 
37.39909000 40.37834000 
37.40110000 40.37831000 
37.40307000 40.37675000 
37.40509000 40.37673000 
37.40706000 40.37517000 
37.40907000 40.37515000 
37.41109000 40.37512000 
37.41306000 40.37356000 
37.41507000 40.37354000 
37.41705000 40.37198000 
37.41906000 40.37196000 
37.42107000 40.37193000 
37.42305000 40.37037000 
37.42506000 40.37035000 
37.42707000 40.37032000 
37.42904000 40.36876000 
37.43106000 40.36874000 
37.43303000 40.36718000 
37.43504000 40.36715000 
37.43705000 40.36713000 
37.43903000 40.36557000 
37.44104000 40.36555000 
37.44305000 40.36552000 
37.44301000 40.36398000 
37.44503000 40.36396000 
37.44704000 40.36394000 
37.44905000 40.36391000 
37.45102000 40.36235000 
37.45303000 40.36233000 
37.45504000 40.36230000 
37.45702000 40.36074000 
37.45903000 40.36072000 
37.46104000 40.36069000 
37.46302000 40.35913000 
37.46503000 40.35911000 
37.46704000 40.35908000 
37.46901000 40.35752000 
37.47102000 40.35750000 
37.47303000 40.35747000 
37.47501000 40.35591000 
37.47702000 40.35589000 
37.47903000 40.35586000 
37.48100000 40.35430000 
37.48301000 40.35428000 
37.48502000 40.35425000 
37.48700000 40.35269000 
37.48901000 40.35266000 
37.49102000 40.35264000 
37.49098000 40.35110000 
37.49299000 40.35108000 
37.49500000 40.35105000 
37.49701000 40.35103000 
37.49899000 40.34947000 
37.50100000 40.34944000 
37.50301000 40.34942000 
37.50498000 40.34785000 
37.50699000 40.34783000 
37.50900000 40.34780000 
37.51097000 40.34624000 
37.51299000 40.34622000 
37.51500000 40.34619000 
37.51697000 40.34463000 
37.51898000 40.34460000 
37.52099000 40.34458000 
37.52296000 40.34302000 
37.52497000 40.34299000 
37.52698000 40.34297000 
37.52899000 40.34294000 
37.53097000 40.34138000 
37.53298000 40.34135000 
37.53499000 40.34133000 
37.53696000 40.33976000 
37.53897000 40.33974000 
37.54098000 40.33971000 
37.54094000 40.33817000 
37.54295000 40.33815000 
37.54496000 40.33812000 
37.54697000 40.33810000 
37.54894000 40.33653000 
37.55095000 40.33651000 
37.55296000 40.33648000 
37.55497000 40.33646000 
37.55694000 40.33489000 
37.55895000 40.33487000 
37.56096000 40.33484000 
37.56297000 40.33482000 
37.56495000 40.33325000 
37.56696000 40.33323000 
37.56897000 40.33320000 
37.57098000 40.33318000 
37.57295000 40.33161000 
37.57496000 40.33159000 
37.57697000 40.33156000 
37.57894000 40.33000000 
37.58095000 40.32997000 
37.58296000 40.32994000 
37.58497000 40.32992000 
37.58493000 40.32838000 
37.58694000 40.32835000 
37.58895000 40.32833000 
37.59096000 40.32830000 
37.59297000 40.32827000 
37.59494000 40.32671000 
37.59695000 40.32668000 
37.59896000 40.32666000 
37.60093000 40.32509000 
37.60294000 40.32507000 
37.60495000 40.32504000 
37.60696000 40.32501000 
37.60893000 40.32345000 
37.61094000 40.32342000 
37.61295000 40.32340000 
37.61492000 40.32183000 
37.61693000 40.32180000 
37.61894000 40.32178000 
37.62090000 40.32021000 
37.62291000 40.32019000 
37.62492000 40.32016000 
37.62693000 40.32013000 
37.62890000 40.31857000 
37.63091000 40.31854000 
37.63292000 40.31851000 
37.63489000 40.31695000 
37.63690000 40.31692000 
37.63891000 40.31689000 
37.64092000 40.31687000 
37.64088000 40.31533000 
37.64289000 40.31530000 
37.64490000 40.31527000 
37.64691000 40.31525000 
37.64892000 40.31522000 
37.65089000 40.31365000 
37.65290000 40.31363000 
37.65490000 40.31360000 
37.65691000 40.31357000 
37.65888000 40.31201000 
37.66089000 40.31198000 
37.66290000 40.31195000 
37.66491000 40.31192000 
37.66688000 40.31036000 
37.66889000 40.31033000 
37.67090000 40.31030000 
37.67291000 40.31027000 
37.67487000 40.30871000 
37.67688000 40.30868000 
37.67889000 40.30865000 
37.68090000 40.30863000 
37.68287000 40.30706000 
37.68488000 40.30703000 
37.68689000 40.30700000 
37.68890000 40.30698000 
37.68886000 40.30544000 
37.69086000 40.30541000 
37.69287000 40.30538000 
37.69488000 40.30535000 
37.69689000 40.30533000 
37.69886000 40.30376000 
37.70087000 40.30373000 
37.70288000 40.30370000 
37.70484000 40.30214000 
37.70685000 40.30211000 
37.70886000 40.30208000 
37.71087000 40.30205000 
37.71284000 40.30048000 
37.71485000 40.30046000 
37.71686000 40.30043000 
37.71882000 40.29886000 
37.72083000 40.29883000 
37.72284000 40.29880000 
37.72481000 40.29724000 
37.72682000 40.29721000 
37.72882000 40.29718000 
37.73083000 40.29715000 
37.73079000 40.29561000 
37.73280000 40.29558000 
37.73481000 40.29556000 
37.73682000 40.29553000 
37.73878000 40.29396000 
37.74079000 40.29393000 
37.74276000 40.29236000 
37.74477000 40.29233000 
37.74677000 40.29231000 
37.74874000 40.29074000 
37.75075000 40.29071000 
37.75070000 40.28917000 
37.75271000 40.28914000 
37.75472000 40.28911000 
37.75673000 40.28908000 
37.75874000 40.28905000 
37.76070000 40.28749000 
37.76271000 40.28746000 
37.76472000 40.28743000 
37.76669000 40.28586000 
37.76869000 40.28583000 
37.77070000 40.28580000 
37.77271000 40.28577000 
37.77468000 40.28421000 
37.77669000 40.28418000 
37.77869000 40.28415000 
37.78070000 40.28412000 
37.78267000 40.28255000 
37.78467000 40.28252000 
37.78668000 40.28249000 
37.78865000 40.28092000 
37.79066000 40.28089000 
37.79266000 40.28086000 
37.79467000 40.28083000 
37.79664000 40.27926000 
37.79864000 40.27923000 
37.80065000 40.27920000 
37.80266000 40.27917000 
37.80262000 40.27764000 
37.80463000 40.27761000 
37.80663000 40.27758000 
37.80864000 40.27755000 
37.81061000 40.27598000 
37.81261000 40.27595000 
37.81462000 40.27592000 
37.81658000 40.27435000 
37.81859000 40.27432000 
37.82060000 40.27429000 
37.82256000 40.27272000 
37.82457000 40.27269000 
37.82654000 40.27112000 
37.82854000 40.27109000 
37.83055000 40.27106000 
37.83251000 40.26949000 
37.83452000 40.26946000 
37.83653000 40.26943000 
37.83849000 40.26786000 
37.84050000 40.26783000 
37.84246000 40.26626000 
37.84447000 40.26623000 
37.84648000 40.26620000 
37.84844000 40.26463000 
37.85045000 40.26460000 
37.85246000 40.26457000 
37.85241000 40.26303000 
37.85442000 40.26300000 
37.85643000 40.26297000 
37.85839000 40.26140000 
37.86040000 40.26137000 
37.86240000 40.26134000 
37.86437000 40.25977000 
37.86637000 40.25974000 
37.86833000 40.25817000 
37.87034000 40.25814000 
37.87235000 40.25811000 
37.87431000 40.25654000 
37.87632000 40.25651000 
37.87828000 40.25494000 
37.88029000 40.25491000 
37.88229000 40.25488000 
37.88225000 40.25334000 
37.88426000 40.25331000 
37.88626000 40.25327000 
37.88822000 40.25170000 
37.89023000 40.25167000 
37.89224000 40.25164000 
37.89420000 40.25007000 
37.89621000 40.25004000 
37.89821000 40.25001000 
37.90017000 40.24844000 
37.90218000 40.24841000 
37.90419000 40.24838000 
37.90615000 40.24681000 
37.90816000 40.24677000 
37.91016000 40.24674000 
37.91212000 40.24517000 
37.91413000 40.24514000 
37.91614000 40.24511000 
37.91810000 40.24354000 
37.92011000 40.24351000 
37.92211000 40.24347000 
37.92407000 40.24190000 
37.92608000 40.24187000 
37.92809000 40.24184000 
37.93005000 40.24027000 
37.93205000 40.24024000 
37.93201000 40.23870000 
37.93401000 40.23867000 
37.93602000 40.23863000 
37.93803000 40.23860000 
37.94003000 40.23857000 
37.94199000 40.23700000 
37.94400000 40.23697000 
37.94601000 40.23693000 
37.94801000 40.23690000 
37.95002000 40.23687000 
37.94997000 40.23533000 
37.95198000 40.23530000 
37.95399000 40.23526000 
37.95599000 40.23523000 
37.95800000 40.23520000 
37.96001000 40.23517000 
37.96197000 40.23359000 
37.96397000 40.23356000 
37.96598000 40.23353000 
37.96799000 40.23350000 
37.96999000 40.23346000 
37.97200000 40.23343000 
37.97401000 40.23340000 
37.97396000 40.23186000 
37.97596000 40.23183000 
37.97797000 40.23179000 
37.97998000 40.23176000 
37.98199000 40.23173000 
37.98399000 40.23169000 
37.98595000 40.23012000 
37.98796000 40.23009000 
37.98996000 40.23005000 
37.99192000 40.22848000 
37.99393000 40.22845000 
37.99593000 40.22842000 
37.99794000 40.22838000 
37.99990000 40.22681000 
38.00191000 40.22678000 
38.00391000 40.22674000 
38.00587000 40.22517000 
38.00788000 40.22514000 
38.00988000 40.22510000 
38.00983000 40.22357000 
38.01184000 40.22353000 
38.01385000 40.22350000 
38.01585000 40.22347000 
38.01781000 40.22189000 
38.01982000 40.22186000 
38.02182000 40.22183000 
38.02378000 40.22025000 
38.02578000 40.22022000 
38.02774000 40.21865000 
38.02975000 40.21861000 
38.03175000 40.21858000 
38.03371000 40.21701000 
38.03572000 40.21697000 
38.03772000 40.21694000 
38.03968000 40.21537000 
38.04168000 40.21533000 
38.04364000 40.21376000 
38.04565000 40.21373000 
38.04765000 40.21369000 
38.04760000 40.21215000 
38.04961000 40.21212000 
38.05162000 40.21209000 
38.05357000 40.21051000 
38.05558000 40.21048000 
38.05753000 40.20891000 
38.05954000 40.20887000 
38.06149000 40.20730000 
38.06350000 40.20726000 
38.06545000 40.20569000 
38.06746000 40.20566000 
38.06942000 40.20408000 
38.07142000 40.20405000 
38.07338000 40.20248000 
38.07538000 40.20244000 
38.07734000 40.20087000 
38.07934000 40.20083000 
38.08130000 40.19926000 
38.08325000 40.19769000 
38.08526000 40.19765000 
38.08721000 40.19608000 
38.08922000 40.19605000 
38.08917000 40.19451000 
38.09117000 40.19447000 
38.09318000 40.19444000 
38.09518000 40.19440000 
38.09714000 40.19283000 
38.09914000 40.19279000 
38.10110000 40.19122000 
38.10310000 40.19119000 
38.10511000 40.19115000 
38.10706000 40.18958000 
38.10907000 40.18954000 
38.11102000 40.18797000 
38.11302000 40.18793000 
38.11503000 40.18790000 
38.11698000 40.18632000 
38.11899000 40.18629000 
38.12099000 40.18625000 
38.12295000 40.18468000 
38.12495000 40.18464000 
38.12690000 40.18307000 
38.12891000 40.18303000 
38.13092000 40.18300000 
38.13086000 40.18146000 
38.13287000 40.18142000 
38.13487000 40.18139000 
38.13688000 40.18135000 
38.13883000 40.17978000 
38.14084000 40.17974000 
38.14284000 40.17971000 
38.14485000 40.17967000 
38.14680000 40.17810000 
38.14880000 40.17806000 
38.15081000 40.17802000 
38.15276000 40.17645000 
38.15477000 40.17641000 
38.15677000 40.17638000 
38.15872000 40.17480000 
38.16073000 40.17477000 
38.16273000 40.17473000 
38.16474000 40.17469000 
38.16669000 40.17312000 
38.16869000 40.17308000 
38.17070000 40.17305000 
38.17265000 40.17147000 
38.17466000 40.17143000 
38.17666000 40.17140000 
38.17867000 40.17136000 
38.17861000 40.16982000 
38.18062000 40.16979000 
38.18262000 40.16975000 
38.18463000 40.16971000 
38.18658000 40.16814000 
38.18858000 40.16810000 
38.19059000 40.16806000 
38.19254000 40.16649000 
38.19454000 40.16645000 
38.19649000 40.16488000 
38.19850000 40.16484000 
38.20050000 40.16480000 
38.20245000 40.16323000 
38.20446000 40.16319000 
38.20641000 40.16162000 
38.20841000 40.16158000 
38.21042000 40.16154000 
38.21237000 40.15997000 
38.21437000 40.15993000 
38.21638000 40.15989000 
38.21833000 40.15832000 
38.22033000 40.15828000 
38.22228000 40.15670000 
38.22428000 40.15667000 
38.22629000 40.15663000 
38.22824000 40.15505000 
38.23024000 40.15502000 
38.23019000 40.15348000 
38.23219000 40.15344000 
38.23420000 40.15340000 
38.23620000 40.15336000 
38.23815000 40.15179000 
38.24015000 40.15175000 
38.24216000 40.15171000 
38.24411000 40.15014000 
38.24611000 40.15010000 
38.24812000 40.15006000 
38.25006000 40.14849000 
38.25207000 40.14845000 
38.25407000 40.14841000 
38.25602000 40.14683000 
38.25803000 40.14680000 
38.25997000 40.14522000 
38.26198000 40.14518000 
38.26398000 40.14514000 
38.26593000 40.14357000 
38.26793000 40.14353000 
38.26994000 40.14349000 
38.27189000 40.14191000 
38.27389000 40.14188000 
38.27589000 40.14184000 
38.27784000 40.14026000 
38.27985000 40.14022000 
38.28185000 40.14018000 
38.28179000 40.13865000 
38.28380000 40.13861000 
38.28580000 40.13857000 
38.28775000 40.13699000 
38.28975000 40.13695000 
38.29170000 40.13538000 
38.29370000 40.13534000 
38.29565000 40.13376000 
38.29766000 40.13372000 
38.29960000 40.13215000 
38.30161000 40.13211000 
38.30355000 40.13053000 
38.30556000 40.13049000 
38.30750000 40.12892000 
38.30951000 40.12888000 
38.31145000 40.12730000 
38.31340000 40.12572000 
38.31540000 40.12568000 
38.31535000 40.12415000 
38.31735000 40.12411000 
38.31935000 40.12407000 
38.32136000 40.12403000 
38.32330000 40.12245000 
38.32531000 40.12241000 
38.32725000 40.12084000 
38.32926000 40.12080000 
38.33126000 40.12076000 
38.33321000 40.11918000 
38.33521000 40.11914000 
38.33715000 40.11756000 
38.33916000 40.11752000 
38.34116000 40.11748000 
38.34311000 40.11591000 
38.34511000 40.11587000 
38.34711000 40.11583000 
38.34906000 40.11425000 
38.35106000 40.11421000 
38.35301000 40.11263000 
38.35501000 40.11259000 
38.35701000 40.11255000 
38.35896000 40.11097000 
38.36096000 40.11093000 
38.36290000 40.10936000 
38.36491000 40.10932000 
38.36691000 40.10928000 
38.36886000 40.10770000 
38.37086000 40.10766000 
38.37280000 40.10608000 
38.37481000 40.10604000 
38.37681000 40.10600000 
38.37875000 40.10442000 
38.38076000 40.10438000 
38.38276000 40.10434000 
38.38470000 40.10276000 
38.38671000 40.10272000 
38.38865000 40.10114000 
38.39065000 40.10110000 
38.39265000 40.10106000 
38.39260000 40.09953000 
38.39460000 40.09949000 
38.39660000 40.09944000 
38.39860000 40.09940000 
38.40055000 40.09783000 
38.40255000 40.09778000 
38.40455000 40.09774000 
38.40650000 40.09617000 
38.40850000 40.09612000 
38.41050000 40.09608000 
38.41250000 40.09604000 
38.41445000 40.09446000 
38.41645000 40.09442000 
38.41845000 40.09438000 
38.42039000 40.09280000 
38.42240000 40.09276000 
38.42440000 40.09272000 
38.42640000 40.09268000 
38.42834000 40.09110000 
38.43035000 40.09106000 
38.43235000 40.09102000 
38.43429000 40.08944000 
38.43629000 40.08940000 
38.43830000 40.08936000 
38.44030000 40.08931000 
38.44224000 40.08774000 
38.44424000 40.08769000 
38.44624000 40.08765000 
38.44618000 40.08612000 
38.44819000 40.08607000 
38.45019000 40.08603000 
38.45219000 40.08599000 
38.45413000 40.08441000 
38.45613000 40.08437000 
38.45808000 40.08279000 
38.46008000 40.08275000 
38.46202000 40.08117000 
38.46402000 40.08113000 
38.46602000 40.08109000 
38.46797000 40.07951000 
38.46997000 40.07946000 
38.47191000 40.07788000 
38.47391000 40.07784000 
38.47585000 40.07626000 
38.47785000 40.07622000 
38.47986000 40.07618000 
38.48180000 40.07460000 
38.48380000 40.07456000 
38.48574000 40.07298000 
38.48774000 40.07293000 
38.48968000 40.07135000 
38.49168000 40.07131000 
38.49369000 40.07127000 
38.49563000 40.06969000 
38.49763000 40.06965000 
38.49957000 40.06807000 
38.50157000 40.06803000 
38.50351000 40.06645000 
38.50551000 40.06640000 
38.50751000 40.06636000 
38.50945000 40.06478000 
38.51145000 40.06474000 
38.51339000 40.06316000 
38.51540000 40.06311000 
38.51533000 40.06158000 
38.51733000 40.06153000 
38.51934000 40.06149000 
38.52134000 40.06145000 
38.52328000 40.05987000 
38.52528000 40.05982000 
38.52728000 40.05978000 
38.52922000 40.05820000 
38.53122000 40.05816000 
38.53316000 40.05658000 
38.53516000 40.05653000 
38.53716000 40.05649000 
38.53910000 40.05491000 
38.54110000 40.05487000 
38.54310000 40.05482000 
38.54504000 40.05324000 
38.54704000 40.05320000 
38.54898000 40.05162000 
38.55098000 40.05158000 
38.55298000 40.05153000 
38.55492000 40.04995000 
38.55692000 40.04991000 
38.55892000 40.04986000 
38.56086000 40.04828000 
38.56286000 40.04824000 
38.56480000 40.04666000 
38.56680000 40.04661000 
38.56880000 40.04657000 
38.57074000 40.04499000 
38.57274000 40.04495000 
38.57474000 40.04490000 
38.57468000 40.04336000 
38.57668000 40.04332000 
38.57868000 40.04328000 
38.58062000 40.04170000 
38.58262000 40.04165000 
38.58462000 40.04161000 
38.58656000 40.04003000 
38.58856000 40.03998000 
38.59050000 40.03840000 
38.59250000 40.03836000 
38.59450000 40.03831000 
38.59643000 40.03673000 
38.59843000 40.03669000 
38.60037000 40.03510000 
38.60237000 40.03506000 
38.60437000 40.03502000 
38.60631000 40.03343000 
38.60831000 40.03339000 
38.61025000 40.03181000 
38.61225000 40.03176000 
38.61425000 40.03172000 
38.61618000 40.03014000 
38.61818000 40.03009000 
38.62012000 40.02851000 
38.62212000 40.02846000 
38.62406000 40.02688000 
38.62606000 40.02684000 
38.62806000 40.02679000 
38.62999000 40.02521000 
38.63199000 40.02517000 
38.63393000 40.02358000 
38.63593000 40.02354000 
38.63793000 40.02349000 
38.63986000 40.02191000 
38.64186000 40.02187000 
38.64180000 40.02033000 
38.64380000 40.02028000 
38.64580000 40.02024000 
38.64780000 40.02019000 
38.64980000 40.02015000 
38.65180000 40.02010000 
38.65380000 40.02006000 
38.65580000 40.02001000 
38.65780000 40.01997000 
38.65973000 40.01838000 
38.66173000 40.01834000 
38.66373000 40.01829000 
38.66573000 40.01825000 
38.66773000 40.01820000 
38.66973000 40.01816000 
38.67173000 40.01811000 
38.67373000 40.01806000 
38.67573000 40.01802000 
38.67773000 40.01797000 
38.67767000 40.01644000 
38.67967000 40.01639000 
38.68167000 40.01634000 
38.68367000 40.01630000 
38.68567000 40.01625000 
38.68767000 40.01621000 
38.68967000 40.01616000 
38.69167000 40.01611000 
38.69367000 40.01607000 
38.69560000 40.01448000 
38.69760000 40.01444000 
38.69960000 40.01439000 
38.70160000 40.01435000 
38.70353000 40.01276000 
38.70553000 40.01272000 
38.70753000 40.01267000 
38.70953000 40.01262000 
38.71153000 40.01258000 
38.71347000 40.01099000 
38.71547000 40.01095000 
38.71747000 40.01090000 
38.71946000 40.01085000 
38.72140000 40.00927000 
38.72340000 40.00922000 
38.72540000 40.00918000 
38.72740000 40.00913000 
38.72940000 40.00908000 
38.73133000 40.00750000 
38.73333000 40.00745000 
38.73533000 40.00741000 
38.73733000 40.00736000 
38.73726000 40.00582000 
38.73926000 40.00578000 
38.74126000 40.00573000 
38.74326000 40.00568000 
38.74526000 40.00563000 
38.74719000 40.00405000 
38.74919000 40.00400000 
38.75119000 40.00396000 
38.75319000 40.00391000 
38.75519000 40.00386000 
38.75712000 40.00228000 
38.75912000 40.00223000 
38.76112000 40.00218000 
38.76312000 40.00214000 
38.76512000 40.00209000 
38.76705000 40.00050000 
38.76905000 40.00046000 
38.77105000 40.00041000 
38.77305000 40.00036000 
38.77505000 40.00031000 
38.77698000 39.99873000 
38.77898000 39.99868000 
38.78098000 39.99863000 
38.78298000 39.99859000 
38.78498000 39.99854000 
38.78491000 39.99700000 
38.78691000 39.99695000 
38.78891000 39.99691000 
38.79091000 39.99686000 
38.79284000 39.99527000 
38.79484000 39.99523000 
38.79677000 39.99364000 
38.79877000 39.99359000 
38.80077000 39.99354000 
38.80270000 39.99196000 
38.80469000 39.99191000 
38.80669000 39.99186000 
38.80862000 39.99028000 
38.81062000 39.99023000 
38.81255000 39.98865000 
38.81455000 39.98860000 
38.81655000 39.98855000 
38.81848000 39.98696000 
38.82048000 39.98692000 
38.82241000 39.98533000 
38.82441000 39.98528000 
38.82641000 39.98523000 
38.82834000 39.98365000 
38.83034000 39.98360000 
38.83027000 39.98206000 
38.83227000 39.98201000 
38.83427000 39.98196000 
38.83626000 39.98192000 
38.83819000 39.98033000 
38.84019000 39.98028000 
38.84219000 39.98023000 
38.84419000 39.98018000 
38.84619000 39.98014000 
38.84812000 39.97855000 
38.85012000 39.97850000 
38.85211000 39.97845000 
38.85411000 39.97840000 
38.85604000 39.97682000 
38.85804000 39.97677000 
38.86004000 39.97672000 
38.86204000 39.97667000 
38.86397000 39.97508000 
38.86596000 39.97503000 
38.86796000 39.97499000 
38.86996000 39.97494000 
38.87196000 39.97489000 
38.87389000 39.97330000 
38.87589000 39.97325000 
38.87789000 39.97320000 
38.87988000 39.97315000 
38.87981000 39.97162000 
38.88181000 39.97157000 
38.88381000 39.97152000 
38.88581000 39.97147000 
38.88781000 39.97142000 
38.88973000 39.96983000 
38.89173000 39.96978000 
38.89373000 39.96973000 
38.89573000 39.96968000 
38.89766000 39.96809000 
38.89966000 39.96805000 
38.90165000 39.96800000 
38.90365000 39.96795000 
38.90558000 39.96636000 
38.90758000 39.96631000 
38.90958000 39.96626000 
38.91157000 39.96621000 
38.91350000 39.96462000 
38.91550000 39.96457000 
38.91750000 39.96452000 
38.91950000 39.96447000 
38.92142000 39.96288000 
38.92342000 39.96283000 
38.92542000 39.96278000 
38.92735000 39.96120000 
38.92934000 39.96115000 
38.93134000 39.96110000 
38.93334000 39.96105000 
38.93327000 39.95951000 
38.93527000 39.95946000 
38.93726000 39.95941000 
38.93926000 39.95936000 
38.94126000 39.95931000 
38.94326000 39.95926000 
38.94518000 39.95767000 
38.94718000 39.95762000 
38.94918000 39.95757000 
38.95118000 39.95752000 
38.95317000 39.95747000 
38.95510000 39.95588000 
38.95710000 39.95583000 
38.95910000 39.95578000 
38.96109000 39.95573000 
38.96309000 39.95567000 
38.96502000 39.95409000 
38.96702000 39.95404000 
38.96901000 39.95399000 
38.97101000 39.95393000 
38.97301000 39.95388000 
38.97493000 39.95230000 
38.97693000 39.95224000 
38.97893000 39.95219000 
38.98093000 39.95214000 
38.98292000 39.95209000 
38.98285000 39.95055000 
38.98485000 39.95050000 
38.98685000 39.95045000 
38.98884000 39.95040000 
38.99084000 39.95035000 
38.99284000 39.95030000 
38.99484000 39.95024000 
38.99676000 39.94866000 
38.99876000 39.94860000 
39.00076000 39.94855000 
39.00275000 39.94850000 
39.00468000 39.94691000 
39.00668000 39.94686000 
39.00867000 39.94681000 
39.01067000 39.94676000 
39.01260000 39.94517000 
39.01459000 39.94512000 
39.01659000 39.94507000 
39.01859000 39.94501000 
39.02059000 39.94496000 
39.02251000 39.94337000 
39.02451000 39.94332000 
39.02650000 39.94327000 
39.02850000 39.94322000 
39.02843000 39.94168000 
39.03043000 39.94163000 
39.03242000 39.94158000 
39.03442000 39.94152000 
39.03642000 39.94147000 
39.03841000 39.94142000 
39.04034000 39.93983000 
39.04234000 39.93978000 
39.04433000 39.93973000 
39.04633000 39.93967000 
39.04833000 39.93962000 
39.05032000 39.93957000 
39.05232000 39.93952000 
39.05432000 39.93946000 
39.05632000 39.93941000 
39.05824000 39.93782000 
39.06024000 39.93777000 
39.06223000 39.93772000 
39.06423000 39.93766000 
39.06623000 39.93761000 
39.06822000 39.93756000 
39.07022000 39.93750000 
39.07222000 39.93745000 
39.07422000 39.93740000 
39.07621000 39.93735000 
39.07614000 39.93581000 
39.07814000 39.93576000 
39.08013000 39.93570000 
39.08213000 39.93565000 
39.08413000 39.93560000 
39.08612000 39.93554000 
39.08812000 39.93549000 
39.09012000 39.93544000 
39.09211000 39.93538000 
39.09404000 39.93379000 
39.09603000 39.93374000 
39.09803000 39.93369000 
39.10003000 39.93363000 
39.10202000 39.93358000 
39.10395000 39.93199000 
39.10594000 39.93194000 
39.10794000 39.93188000 
39.10994000 39.93183000 
39.11193000 39.93178000 
39.11386000 39.93019000 
39.11585000 39.93013000 
39.11785000 39.93008000 
39.11985000 39.93002000 
39.12184000 39.92997000 
39.12384000 39.92992000 
39.12576000 39.92833000 
39.12776000 39.92827000 
39.12975000 39.92822000 
39.13175000 39.92816000 
39.13375000 39.92811000 
39.13567000 39.92652000 
39.13767000 39.92647000 
39.13966000 39.92641000 
39.14166000 39.92636000 
39.14366000 39.92630000 
39.14358000 39.92477000 
39.14558000 39.92471000 
39.14757000 39.92466000 
39.14957000 39.92460000 
39.15157000 39.92455000 
39.15349000 39.92296000 
39.15548000 39.92290000 
39.15748000 39.92285000 
39.15948000 39.92280000 
39.16140000 39.92120000 
39.16339000 39.92115000 
39.16539000 39.92110000 
39.16731000 39.91950000 
39.16931000 39.91945000 
39.17130000 39.91939000 
39.17330000 39.91934000 
39.17522000 39.91775000 
39.17721000 39.91769000 
39.17921000 39.91764000 
39.18121000 39.91758000 
39.18313000 39.91599000 
39.18512000 39.91594000 
39.18712000 39.91588000 
39.18904000 39.91429000 
39.19103000 39.91424000 
39.19303000 39.91418000 
39.19503000 39.91413000 
39.19495000 39.91259000 
39.19695000 39.91253000 
39.19894000 39.91248000 
39.20094000 39.91242000 
39.20293000 39.91237000 
39.20485000 39.91078000 
39.20685000 39.91072000 
39.20885000 39.91067000 
39.21084000 39.91061000 
39.21284000 39.91056000 
39.21476000 39.90896000 
39.21675000 39.90891000 
39.21875000 39.90885000 
39.22074000 39.90880000 
39.22266000 39.90720000 
39.22466000 39.90715000 
39.22666000 39.90709000 
39.22865000 39.90704000 
39.22857000 39.90550000 
39.23057000 39.90545000 
39.23257000 39.90539000 
39.23448000 39.90380000 
39.23640000 39.90220000 
39.23632000 39.90067000 
39.23824000 39.89908000 
39.24016000 39.89748000 
39.24008000 39.89595000 
39.24200000 39.89435000 
39.24391000 39.89276000 
39.24383000 39.89123000 
39.24575000 39.88963000 
39.24767000 39.88804000 
39.24759000 39.88650000 
39.24751000 39.88497000 
39.24951000 39.88491000 
39.25142000 39.88332000 
39.25342000 39.88326000 
39.25541000 39.88321000 
39.25733000 39.88161000 
39.25933000 39.88156000 
39.26132000 39.88150000 
39.26324000 39.87991000 
39.26523000 39.87985000 
39.26723000 39.87980000 
39.26914000 39.87820000 
39.27114000 39.87815000 
39.27306000 39.87655000 
39.27505000 39.87650000 
39.27705000 39.87644000 
39.27896000 39.87485000 
39.28096000 39.87479000 
39.28295000 39.87473000 
39.28287000 39.87320000 
39.28487000 39.87314000 
39.28686000 39.87308000 
39.28878000 39.87149000 
39.29077000 39.87143000 
39.29269000 39.86984000 
39.29468000 39.86978000 
39.29660000 39.86819000 
39.29859000 39.86813000 
39.30051000 39.86654000 
39.30242000 39.86495000 
39.30442000 39.86489000 
39.30633000 39.86329000 
39.30833000 39.86324000 
39.31024000 39.86164000 
39.31216000 39.86005000 
39.31415000 39.85999000 
39.31607000 39.85840000 
39.31806000 39.85834000 
39.31997000 39.85675000 
39.32197000 39.85669000 
39.32388000 39.85510000 
39.32580000 39.85350000 
39.32779000 39.85345000 
39.32970000 39.85185000 
39.33170000 39.85179000 
39.33361000 39.85020000 
39.33553000 39.84861000 
39.33752000 39.84855000 
39.33744000 39.84701000 
39.33943000 39.84695000 
39.34143000 39.84690000 
39.34334000 39.84530000 
39.34526000 39.84371000 
39.34725000 39.84365000 
39.34916000 39.84206000 
39.35116000 39.84200000 
39.35307000 39.84040000 
39.35498000 39.83881000 
39.35698000 39.83875000 
39.35889000 39.83716000 
39.36080000 39.83556000 
39.36280000 39.83550000 
39.36471000 39.83391000 
39.36670000 39.83385000 
39.36861000 39.83226000 
39.37053000 39.83066000 
39.37252000 39.83060000 
39.37443000 39.82901000 
39.37643000 39.82895000 
39.37834000 39.82736000 
39.38025000 39.82576000 
39.38224000 39.82570000 
39.38415000 39.82411000 
39.38407000 39.82257000 
39.38607000 39.82251000 
39.38806000 39.82246000 
39.38997000 39.82086000 
39.39196000 39.82080000 
39.39396000 39.82074000 
39.39587000 39.81915000 
39.39786000 39.81909000 
39.39977000 39.81749000 
39.40177000 39.81744000 
39.40368000 39.81584000 
39.40567000 39.81578000 
39.40758000 39.81419000 
39.40958000 39.81413000 
39.41157000 39.81407000 
39.41348000 39.81247000 
39.41547000 39.81241000 
39.41738000 39.81082000 
39.41938000 39.81076000 
39.42129000 39.80916000 
39.42328000 39.80910000 
39.42519000 39.80751000 
39.42718000 39.80745000 
39.42917000 39.80739000 
39.43108000 39.80579000 
39.43308000 39.80574000 
39.43499000 39.80414000 
39.43698000 39.80408000 
39.43690000 39.80254000 
39.43889000 39.80248000 
39.44088000 39.80242000 
39.44279000 39.80083000 
39.44479000 39.80077000 
39.44669000 39.79917000 
39.44869000 39.79911000 
39.45060000 39.79752000 
39.45259000 39.79746000 
39.45450000 39.79586000 
39.45649000 39.79580000 
39.45840000 39.79421000 
39.46039000 39.79415000 
39.46230000 39.79255000 
39.46421000 39.79095000 
39.46620000 39.79089000 
39.46811000 39.78930000 
39.47010000 39.78924000 
39.47201000 39.78764000 
39.47400000 39.78758000 
39.47591000 39.78598000 
39.47790000 39.78592000 
39.47981000 39.78433000 
39.48181000 39.78427000 
39.48172000 39.78273000 
39.48371000 39.78267000 
39.48571000 39.78261000 
39.48770000 39.78255000 
39.48961000 39.78095000 
39.49160000 39.78089000 
39.49359000 39.78083000 
39.49550000 39.77924000 
39.49749000 39.77918000 
39.49948000 39.77912000 
39.50139000 39.77752000 
39.50338000 39.77746000 
39.50537000 39.77740000 
39.50728000 39.77580000 
39.50927000 39.77574000 
39.51126000 39.77568000 
39.51118000 39.77414000 
39.51317000 39.77408000 
39.51516000 39.77402000 
39.51707000 39.77242000 
39.51906000 39.77236000 
39.52097000 39.77077000 
39.52287000 39.76917000 
39.52487000 39.76911000 
39.52677000 39.76751000 
39.52876000 39.76745000 
39.53067000 39.76585000 
39.53266000 39.76579000 
39.53457000 39.76419000 
39.53647000 39.76260000 
39.53847000 39.76254000 
39.54037000 39.76094000 
39.54236000 39.76088000 
39.54228000 39.75934000 
39.54427000 39.75928000 
39.54618000 39.75768000 
39.54817000 39.75762000 
39.55007000 39.75602000 
39.55198000 39.75442000 
39.55397000 39.75436000 
39.55587000 39.75277000 
39.67386437 39.68599887 
39.55778000 39.75117000 
39.67585437 39.68593880 
39.55977000 39.75111000 
39.67776437 39.68433678 
39.56168000 39.74951000 
39.67975437 39.68427671 
39.56358000 39.74791000 
39.68165437 39.68267470 
39.56557000 39.74785000 
39.68365437 39.68261462 
39.56748000 39.74625000 
39.68555437 39.68101261 
39.56947000 39.74619000 
39.68754437 39.68095253 
39.57137000 39.74459000 
39.68945437 39.67935052 
39.57328000 39.74299000 
39.69144437 39.67929044 
39.57527000 39.74293000 
39.69335437 39.67768843 
39.57717000 39.74133000 
39.69534437 39.67762836 
39.57908000 39.73973000 
39.58107000 39.73967000 
39.58297000 39.73807000 
39.58289000 39.73654000 
39.58488000 39.73648000 
39.58687000 39.73641000 
39.58877000 39.73482000 
39.59068000 39.73322000 
39.59258000 39.73162000 
39.59457000 39.73156000 
39.59648000 39.72996000 
39.59838000 39.72836000 
39.60028000 39.72676000 
39.60227000 39.72670000 
39.60418000 39.72510000 
39.60608000 39.72350000 
39.60807000 39.72344000 
39.60997000 39.72184000 
39.61188000 39.72024000 
39.61179000 39.71871000 
39.61378000 39.71864000 
39.61577000 39.71858000 
39.61767000 39.71698000 
39.61958000 39.71538000 
39.62157000 39.71532000 
39.62347000 39.71372000 
39.62537000 39.71212000 
39.62736000 39.71206000 
39.62926000 39.71046000 
39.63117000 39.70886000 
39.63315000 39.70880000 
39.63506000 39.70720000 
39.63696000 39.70560000 
39.63895000 39.70554000 
39.64085000 39.70394000 
39.64284000 39.70388000 
39.64474000 39.70228000 
39.64465000 39.70074000 
39.64664000 39.70068000 
39.64872000 39.70215000 
39.64863000 39.70061000 
39.64830546 39.69879242 
39.65029546 39.69872241 
39.65219546 39.69712221 
39.65418546 39.69706220 
39.65608546 39.69546200 
39.65807546 39.69539199 
39.66006546 39.69533199 
39.66196546 39.69373179 
39.66395546 39.69367178 
39.66585546 39.69207158 
39.69288000 39.67304000 
39.69279000 39.67150000 
39.66784546 39.69200157 
39.69487000 39.67297000 
39.69478000 39.67144000 
39.69451000 39.66683000 
39.66983546 39.69194156 
39.69686000 39.67291000 
39.69677000 39.67137000 
39.69650000 39.66677000 
39.67173546 39.69034136 
39.69876000 39.67131000 
39.69849000 39.66670000 
39.67372546 39.69027136 
39.67363546 39.68874116 
39.70075000 39.67125000 
39.70048000 39.66664000 
39.67562546 39.68867115 
39.70247000 39.66657000 
39.67761546 39.68861115 
39.70446000 39.66651000 
39.67959546 39.68854114 
39.70644000 39.66645000 
39.70834000 39.66485000 
39.71033000 39.66478000 
39.71232000 39.66472000 
39.71431000 39.66465000 
39.71422000 39.66312000 
39.71621000 39.66305000 
39.71820000 39.66299000 
39.72009000 39.66139000 
39.72208000 39.66132000 
39.72398000 39.65972000 
39.72597000 39.65966000 
39.72787000 39.65806000 
39.72986000 39.65799000 
39.73175000 39.65639000 
39.73374000 39.65633000 
39.73564000 39.65473000 
39.73763000 39.65466000 
39.73953000 39.65306000 
39.74151000 39.65300000 
39.74341000 39.65139000 
39.74540000 39.65133000 
39.74730000 39.64973000 
39.74929000 39.64966000 
39.75118000 39.64806000 
39.75317000 39.64800000 
39.75516000 39.64793000 
39.75507000 39.64640000 
39.75697000 39.64480000 
39.75886000 39.64319000 
39.76076000 39.64159000 
39.76275000 39.64153000 
39.76465000 39.63993000 
39.76654000 39.63833000 
39.76844000 39.63672000 
39.77034000 39.63512000 
39.77232000 39.63506000 
39.77422000 39.63346000 
39.77621000 39.63339000 
39.77612000 39.63186000 
39.77810000 39.63179000 
39.78000000 39.63019000 
39.78199000 39.63012000 
39.78398000 39.63006000 
39.78587000 39.62846000 
39.78786000 39.62839000 
39.78975000 39.62679000 
39.79174000 39.62672000 
39.79364000 39.62512000 
39.79562000 39.62505000 
39.79752000 39.62345000 
39.79951000 39.62339000 
39.80140000 39.62179000 
39.80339000 39.62172000 
39.80529000 39.62012000 
39.80727000 39.62005000 
39.80917000 39.61845000 
39.81115000 39.61838000 
39.81305000 39.61678000 
39.81504000 39.61672000 
39.81702000 39.61665000 
39.81901000 39.61658000 
39.81892000 39.61505000 
39.82091000 39.61498000 
39.82289000 39.61491000 
39.82479000 39.61331000 
39.82677000 39.61325000 
39.82867000 39.61164000 
39.83065000 39.61158000 
39.83264000 39.61151000 
39.83454000 39.60991000 
39.83652000 39.60984000 
39.83842000 39.60824000 
39.84040000 39.60817000 
39.84239000 39.60811000 
39.84428000 39.60650000 
39.84627000 39.60644000 
39.84826000 39.60637000 
39.85024000 39.60630000 
39.85015000 39.60477000 
39.85214000 39.60470000 
39.85403000 39.60310000 
39.85602000 39.60303000 
39.85791000 39.60143000 
39.85990000 39.60136000 
39.86188000 39.60129000 
39.86378000 39.59969000 
39.86576000 39.59962000 
39.86766000 39.59802000 
39.86964000 39.59795000 
39.87163000 39.59789000 
39.87352000 39.59628000 
39.87551000 39.59622000 
39.87740000 39.59461000 
39.87939000 39.59455000 
39.88137000 39.59448000 
39.88336000 39.59441000 
39.88327000 39.59288000 
39.88525000 39.59281000 
39.88724000 39.59274000 
39.88922000 39.59267000 
39.89112000 39.59107000 
39.89310000 39.59100000 
39.89509000 39.59093000 
39.89707000 39.59087000 
39.89897000 39.58926000 
39.90095000 39.58920000 
39.90294000 39.58913000 
39.90492000 39.58906000 
39.90682000 39.58746000 
39.90880000 39.58739000 
39.91079000 39.58732000 
39.91277000 39.58725000 
39.91466000 39.58565000 
39.91665000 39.58558000 
39.91864000 39.58551000 
39.92062000 39.58544000 
39.92261000 39.58538000 
39.92251000 39.58384000 
39.92450000 39.58377000 
39.92648000 39.58370000 
39.92847000 39.58364000 
39.93046000 39.58357000 
39.93244000 39.58350000 
39.93235000 39.58196000 
39.93433000 39.58190000 
39.93632000 39.58183000 
39.93821000 39.58022000 
39.94019000 39.58015000 
39.94209000 39.57855000 
39.94407000 39.57848000 
39.94606000 39.57841000 
39.94795000 39.57681000 
39.94993000 39.57674000 
39.95192000 39.57667000 
39.95381000 39.57507000 
39.95579000 39.57500000 
39.95778000 39.57493000 
39.95967000 39.57333000 
39.96166000 39.57326000 
39.96364000 39.57319000 
39.96553000 39.57158000 
39.96752000 39.57151000 
39.96950000 39.57145000 
39.97149000 39.57138000 
39.97139000 39.56984000 
39.97338000 39.56977000 
39.97536000 39.56970000 
39.97735000 39.56963000 
39.97933000 39.56956000 
39.98122000 39.56796000 
39.98321000 39.56789000 
39.98519000 39.56782000 
39.98718000 39.56775000 
39.98907000 39.56615000 
39.99105000 39.56608000 
39.99304000 39.56601000 
39.99502000 39.56594000 
39.99701000 39.56587000 
39.99899000 39.56580000 
39.99890000 39.56426000 
40.00088000 39.56420000 
40.00287000 39.56413000 
40.00485000 39.56406000 
40.00674000 39.56245000 
40.00872000 39.56238000 
40.01071000 39.56231000 
40.01269000 39.56224000 
40.01468000 39.56217000 
40.01657000 39.56057000 
40.01855000 39.56050000 
40.02054000 39.56043000 
40.02252000 39.56036000 
40.02451000 39.56029000 
40.02639000 39.55868000 
40.02838000 39.55861000 
40.03036000 39.55854000 
40.03235000 39.55847000 
40.03433000 39.55840000 
40.03424000 39.55687000 
40.03622000 39.55680000 
40.03821000 39.55673000 
40.04009000 39.55512000 
40.04208000 39.55505000 
40.04406000 39.55498000 
40.04595000 39.55337000 
40.04794000 39.55330000 
40.04992000 39.55323000 
40.05191000 39.55316000 
40.05379000 39.55156000 
40.05578000 39.55149000 
40.05776000 39.55141000 
40.05975000 39.55134000 
40.06173000 39.55127000 
40.06371000 39.55120000 
40.06570000 39.55113000 
40.06560000 39.54960000 
40.06759000 39.54953000 
40.06957000 39.54945000 
40.07156000 39.54938000 
40.07354000 39.54931000 
40.07552000 39.54924000 
40.07751000 39.54917000 
40.07940000 39.54757000 
40.08138000 39.54749000 
40.08336000 39.54742000 
40.08535000 39.54735000 
40.08733000 39.54728000 
40.08932000 39.54721000 
40.09130000 39.54714000 
40.09329000 39.54707000 
40.09517000 39.54546000 
40.09716000 39.54539000 
40.09914000 39.54532000 
40.10112000 39.54525000 
40.10311000 39.54518000 
40.10509000 39.54510000 
40.10708000 39.54503000 
40.10906000 39.54496000 
40.10896000 39.54343000 
40.11095000 39.54335000 
40.11293000 39.54328000 
40.11492000 39.54321000 
40.11690000 39.54314000 
40.11888000 39.54307000 
40.12087000 39.54300000 
40.12285000 39.54292000 
40.12474000 39.54132000 
40.12672000 39.54125000 
40.12871000 39.54117000 
40.13069000 39.54110000 
40.13267000 39.54103000 
40.13466000 39.54096000 
40.13456000 39.53942000 
40.13654000 39.53935000 
40.13853000 39.53928000 
40.14041000 39.53767000 
40.14240000 39.53760000 
40.14438000 39.53753000 
40.14627000 39.53592000 
40.14825000 39.53585000 
40.15023000 39.53578000 
40.15212000 39.53417000 
40.15410000 39.53410000 
40.15609000 39.53402000 
40.15797000 39.53242000 
40.15995000 39.53234000 
40.16194000 39.53227000 
40.16382000 39.53066000 
40.16581000 39.53059000 
40.16779000 39.53052000 
40.16977000 39.53044000 
40.16967000 39.52891000 
40.17166000 39.52884000 
40.17364000 39.52876000 
40.17552000 39.52716000 
40.17751000 39.52708000 
40.17949000 39.52701000 
40.18138000 39.52540000 
40.18336000 39.52533000 
40.18524000 39.52372000 
40.18723000 39.52365000 
40.18921000 39.52358000 
40.19109000 39.52197000 
40.19308000 39.52189000 
40.19506000 39.52182000 
40.19694000 39.52021000 
40.19893000 39.52014000 
40.20091000 39.52007000 
40.20289000 39.51999000 
40.20488000 39.51992000 
40.20478000 39.51839000 
40.20676000 39.51831000 
40.20874000 39.51824000 
40.21063000 39.51663000 
40.21261000 39.51656000 
40.21459000 39.51648000 
40.21658000 39.51641000 
40.21846000 39.51480000 
40.22044000 39.51473000 
40.22242000 39.51465000 
40.22441000 39.51458000 
40.22629000 39.51297000 
40.22827000 39.51290000 
40.23026000 39.51282000 
40.23214000 39.51122000 
40.23412000 39.51114000 
40.23610000 39.51107000 
40.23809000 39.51099000 
40.23997000 39.50939000 
40.24195000 39.50931000 
40.24393000 39.50924000 
40.24592000 39.50916000 
40.24790000 39.50909000 
40.24780000 39.50755000 
40.24978000 39.50748000 
40.25177000 39.50741000 
40.25375000 39.50733000 
40.25563000 39.50572000 
40.25761000 39.50565000 
40.25960000 39.50557000 
40.26158000 39.50550000 
40.26346000 39.50389000 
40.26544000 39.50382000 
40.26742000 39.50374000 
40.26941000 39.50367000 
40.27129000 39.50206000 
40.27327000 39.50198000 
40.27525000 39.50191000 
40.27724000 39.50183000 
40.27912000 39.50023000 
40.28110000 39.50015000 
40.28308000 39.50008000 
40.28507000 39.50000000 
40.28496000 39.49847000 
40.28695000 39.49839000 
40.28893000 39.49832000 
40.29091000 39.49824000 
40.29279000 39.49663000 
40.29477000 39.49656000 
40.29676000 39.49648000 
40.29874000 39.49641000 
40.30072000 39.49633000 
40.30062000 39.49480000 
40.30260000 39.49472000 
40.30458000 39.49465000 
40.30657000 39.49457000 
40.30855000 39.49450000 
40.31053000 39.49442000 
40.31251000 39.49435000 
40.31439000 39.49274000 
40.31638000 39.49266000 
40.31836000 39.49259000 
40.32034000 39.49251000 
40.32232000 39.49244000 
40.32430000 39.49236000 
40.32618000 39.49075000 
40.32817000 39.49067000 
40.33015000 39.49060000 
40.33213000 39.49052000 
40.33411000 39.49045000 
40.33610000 39.49037000 
40.33808000 39.49030000 
40.34006000 39.49022000 
40.33996000 39.48869000 
40.34194000 39.48861000 
40.34392000 39.48853000 
40.34590000 39.48846000 
40.34789000 39.48838000 
40.34987000 39.48831000 
40.35185000 39.48823000 
40.35373000 39.48662000 
40.35571000 39.48654000 
40.35769000 39.48647000 
40.35968000 39.48639000 
40.36166000 39.48632000 
40.36364000 39.48624000 
40.36562000 39.48617000 
40.36760000 39.48609000 
40.36948000 39.48448000 
40.37146000 39.48440000 
40.37345000 39.48433000 
40.37543000 39.48425000 
40.37741000 39.48417000 
40.37939000 39.48410000 
40.37929000 39.48256000 
40.38127000 39.48248000 
40.38325000 39.48241000 
40.38523000 39.48233000 
40.38722000 39.48226000 
40.38920000 39.48218000 
40.39118000 39.48210000 
40.39316000 39.48203000 
40.39514000 39.48195000 
40.39702000 39.48034000 
40.39900000 39.48026000 
40.40088000 39.47865000 
40.40286000 39.47857000 
40.40484000 39.47850000 
40.40672000 39.47688000 
40.40870000 39.47681000 
40.40860000 39.47527000 
40.41058000 39.47520000 
40.41256000 39.47512000 
40.41454000 39.47504000 
40.41642000 39.47343000 
40.41840000 39.47335000 
40.42028000 39.47174000 
40.42226000 39.47166000 
40.42424000 39.47159000 
40.42612000 39.46997000 
40.42810000 39.46990000 
40.43008000 39.46982000 
40.43196000 39.46821000 
40.43394000 39.46813000 
40.43592000 39.46805000 
40.43581000 39.46652000 
40.43779000 39.46644000 
40.43978000 39.46636000 
40.44176000 39.46628000 
40.44363000 39.46467000 
40.44561000 39.46459000 
40.44749000 39.46298000 
40.44947000 39.46290000 
40.45135000 39.46129000 
40.45333000 39.46121000 
40.45520000 39.45960000 
40.45718000 39.45952000 
40.45917000 39.45945000 
40.45906000 39.45791000 
40.46104000 39.45783000 
40.46302000 39.45776000 
40.46292000 39.45622000 
40.46490000 39.45614000 
40.46677000 39.45453000 
40.46875000 39.45445000 
40.47063000 39.45284000 
40.47261000 39.45276000 
40.47448000 39.45115000 
40.47646000 39.45107000 
40.47834000 39.44946000 
40.48032000 39.44938000 
40.48230000 39.44930000 
40.48428000 39.44922000 
40.48626000 39.44914000 
40.48824000 39.44907000 
40.49022000 39.44899000 
40.49220000 39.44891000 
40.49418000 39.44883000 
40.49617000 39.44875000 
40.49825000 39.45021000 
40.49815000 39.44867000 
40.50023000 39.45013000 
40.50222000 39.45005000 
40.50420000 39.44997000 
40.50618000 39.44989000 
40.50827000 39.45135000 
40.51025000 39.45127000 
40.51223000 39.45119000 
40.51421000 39.45112000 
40.51608000 39.44950000 
40.51796000 39.44789000 
40.51983000 39.44627000 
40.52170000 39.44466000 
40.52357000 39.44305000 
40.52347000 39.44151000 
40.52534000 39.43990000 
40.52721000 39.43828000 
40.52710000 39.43675000 
40.52898000 39.43513000 
40.53096000 39.43506000 
40.53294000 39.43498000 
40.53492000 39.43490000 
40.53481000 39.43336000 
40.53679000 39.43328000 
40.53877000 39.43320000 
40.54075000 39.43312000 
40.54262000 39.43151000 
40.54460000 39.43143000 
40.54658000 39.43135000 
40.54856000 39.43127000 
40.55044000 39.42966000 
40.55242000 39.42958000 
40.55440000 39.42950000 
40.55638000 39.42942000 
40.55825000 39.42781000 
40.56023000 39.42773000 
40.56221000 39.42765000 
40.56419000 39.42757000 
40.56606000 39.42595000 
40.56804000 39.42587000 
40.57002000 39.42579000 
40.57200000 39.42571000 
40.57398000 39.42563000 
40.63458000 39.38469000 
40.63667000 39.38615000 
40.63656000 39.38461000 
40.63865000 39.38606000 
40.64063000 39.38598000 
40.64272000 39.38744000 
40.64470000 39.38736000 
40.64668000 39.38727000 
40.64877000 39.38873000 
40.65075000 39.38865000 
40.65273000 39.38857000 
40.65482000 39.39002000 
40.65679000 39.38994000 
40.65877000 39.38986000 
40.66075000 39.38978000 
40.66273000 39.38969000 
40.66471000 39.38961000 
40.66658000 39.38800000 
40.66856000 39.38792000 
40.67054000 39.38783000 
40.67251000 39.38775000 
40.67449000 39.38767000 
40.67647000 39.38759000 
40.67845000 39.38751000 
40.67834000 39.38597000 
40.68032000 39.38589000 
40.68230000 39.38581000 
40.68428000 39.38573000 
40.68625000 39.38565000 
40.68823000 39.38556000 
40.69021000 39.38548000 
40.69219000 39.38540000 
40.69417000 39.38532000 
40.69615000 39.38524000 
40.69813000 39.38515000 
40.70011000 39.38507000 
40.70208000 39.38499000 
40.70406000 39.38491000 
40.70604000 39.38483000 
40.70802000 39.38474000 
40.71000000 39.38466000 
40.71198000 39.38458000 
40.71396000 39.38450000 
40.71594000 39.38441000 
40.71791000 39.38433000 
40.71989000 39.38425000 
40.72187000 39.38417000 
40.72385000 39.38408000 
40.72583000 39.38400000 
40.72781000 39.38392000 
40.72979000 39.38384000 
40.73176000 39.38375000 
40.73374000 39.38367000 
40.73583000 39.38512000 
40.73572000 39.38359000 
40.73781000 39.38504000 
40.73979000 39.38496000 
40.74177000 39.38488000 
40.74386000 39.38633000 
40.74584000 39.38624000 
40.74782000 39.38616000 
40.74991000 39.38761000 
40.75189000 39.38753000 
40.75387000 39.38745000 
40.75585000 39.38736000 
40.75783000 39.38728000 
40.75980000 39.38720000 
40.76178000 39.38711000 
40.76376000 39.38703000 
40.76574000 39.38695000 
40.76772000 39.38686000 
40.76981000 39.38832000 
40.76970000 39.38678000 
40.77179000 39.38823000 
40.77377000 39.38815000 
40.77575000 39.38807000 
40.77773000 39.38798000 
40.77970000 39.38790000 
40.78168000 39.38782000 
40.78366000 39.38773000 
40.78564000 39.38765000 
40.78762000 39.38756000 
40.78971000 39.38902000 
40.78960000 39.38748000 
40.79169000 39.38893000 
40.79367000 39.38885000 
40.79565000 39.38876000 
40.79763000 39.38868000 
40.79972000 39.39013000 
40.80170000 39.39005000 
40.80368000 39.38996000 
40.80566000 39.38988000 
40.80775000 39.39133000 
40.80973000 39.39125000 
40.81171000 39.39116000 
40.81369000 39.39108000 
40.81566000 39.39099000 
40.81764000 39.39091000 
40.81962000 39.39083000 
40.82160000 39.39074000 
40.82358000 39.39066000 
40.82556000 39.39057000 
40.82754000 39.39049000 
40.82952000 39.39040000 
40.83149000 39.39032000 
40.83347000 39.39024000 
40.83545000 39.39015000 
40.83743000 39.39007000 
40.83941000 39.38998000 
40.84139000 39.38990000 
40.84337000 39.38981000 
40.84534000 39.38973000 
40.84732000 39.38964000 
40.84930000 39.38956000 
40.85128000 39.38947000 
40.85326000 39.38939000 
40.85524000 39.38930000 
40.85722000 39.38922000 
40.85920000 39.38913000 
40.86117000 39.38905000 
40.86304000 39.38743000 
40.86502000 39.38734000 
40.86699000 39.38726000 
40.86886000 39.38564000 
40.87084000 39.38556000 
40.87281000 39.38547000 
40.87468000 39.38385000 
40.87666000 39.38377000 
40.87863000 39.38368000 
40.88061000 39.38359000 
40.88247000 39.38197000 
40.88445000 39.38189000 
40.88643000 39.38180000 
40.88632000 39.38027000 
40.88829000 39.38018000 
40.89027000 39.38010000 
40.89225000 39.38001000 
40.89411000 39.37839000 
40.89609000 39.37831000 
40.89807000 39.37822000 
40.89993000 39.37660000 
40.90191000 39.37652000 
40.90389000 39.37643000 
40.90587000 39.37634000 
40.90575000 39.37481000 
40.90773000 39.37472000 
40.90971000 39.37464000 
40.91168000 39.37455000 
40.91354000 39.37293000 
40.91552000 39.37285000 
40.91750000 39.37276000 
40.91948000 39.37267000 
40.92134000 39.37105000 
40.92332000 39.37097000 
40.92530000 39.37088000 
40.92727000 39.37080000 
40.92914000 39.36918000 
40.93111000 39.36909000 
40.93309000 39.36900000 
40.93507000 39.36892000 
40.93693000 39.36730000 
40.93891000 39.36721000 
40.94089000 39.36712000 
40.94286000 39.36704000 
40.94275000 39.36550000 
40.94472000 39.36542000 
40.94670000 39.36533000 
40.94868000 39.36524000 
40.95066000 39.36516000 
40.95252000 39.36354000 
40.95450000 39.36345000 
40.95647000 39.36336000 
40.95845000 39.36328000 
40.96043000 39.36319000 
40.96229000 39.36157000 
40.96427000 39.36148000 
40.96624000 39.36139000 
40.96822000 39.36131000 
40.96810000 39.35977000 
40.97008000 39.35969000 
40.97206000 39.35960000 
40.97404000 39.35951000 
40.97590000 39.35789000 
40.97787000 39.35780000 
40.97985000 39.35772000 
40.98171000 39.35609000 
40.98369000 39.35601000 
40.98566000 39.35592000 
40.98752000 39.35430000 
40.98950000 39.35421000 
40.99148000 39.35412000 
40.99334000 39.35250000 
40.99532000 39.35242000 
40.99729000 39.35233000 
40.99915000 39.35071000 
41.00113000 39.35062000 
41.00311000 39.35053000 
41.00299000 39.34900000 
41.00496000 39.34891000 
41.00694000 39.34882000 
41.00880000 39.34720000 
41.01078000 39.34711000 
41.01275000 39.34702000 
41.01461000 39.34540000 
41.01659000 39.34531000 
41.01845000 39.34369000 
41.02042000 39.34361000 
41.02240000 39.34352000 
41.02426000 39.34190000 
41.02624000 39.34181000 
41.02809000 39.34018000 
41.03007000 39.34010000 
41.03205000 39.34001000 
41.03193000 39.33847000 
41.03391000 39.33839000 
41.03588000 39.33830000 
41.03786000 39.33821000 
41.03972000 39.33659000 
41.04169000 39.33650000 
41.04367000 39.33641000 
41.04565000 39.33632000 
41.04762000 39.33624000 
41.04960000 39.33615000 
41.05146000 39.33452000 
41.05343000 39.33444000 
41.05541000 39.33435000 
41.05739000 39.33426000 
41.05936000 39.33417000 
41.06134000 39.33408000 
41.06122000 39.33255000 
41.06320000 39.33246000 
41.06517000 39.33237000 
41.06715000 39.33228000 
41.06913000 39.33219000 
41.07098000 39.33057000 
41.07296000 39.33048000 
41.07494000 39.33039000 
41.07691000 39.33030000 
41.07877000 39.32868000 
41.08075000 39.32859000 
41.08272000 39.32850000 
41.08458000 39.32688000 
41.08656000 39.32679000 
41.08853000 39.32670000 
41.09039000 39.32508000 
41.09236000 39.32499000 
41.09434000 39.32490000 
41.09632000 39.32481000 
41.09817000 39.32319000 
41.10015000 39.32310000 
41.10213000 39.32301000 
41.10200000 39.32148000 
41.10398000 39.32139000 
41.10596000 39.32130000 
41.10793000 39.32121000 
41.10979000 39.31958000 
41.11176000 39.31949000 
41.11374000 39.31940000 
41.11560000 39.31778000 
41.11757000 39.31769000 
41.11955000 39.31760000 
41.12140000 39.31598000 
41.12338000 39.31589000 
41.12536000 39.31580000 
41.12721000 39.31418000 
41.12919000 39.31409000 
41.13116000 39.31400000 
41.13104000 39.31246000 
41.13302000 39.31237000 
41.13499000 39.31228000 
41.13697000 39.31219000 
41.13894000 39.31210000 
41.14092000 39.31201000 
41.14290000 39.31192000 
41.14487000 39.31183000 
41.14475000 39.31030000 
41.14673000 39.31021000 
41.14870000 39.31012000 
41.15068000 39.31003000 
41.15265000 39.30994000 
41.15463000 39.30985000 
41.15661000 39.30976000 
41.15858000 39.30967000 
41.16056000 39.30958000 
41.16253000 39.30949000 
41.16439000 39.30786000 
41.16624000 39.30624000 
41.16809000 39.30461000 
41.17007000 39.30452000 
41.17192000 39.30290000 
41.17377000 39.30127000 
41.17575000 39.30118000 
41.17760000 39.29956000 
41.17946000 39.29793000 
41.18131000 39.29631000 
41.18328000 39.29622000 
41.18514000 39.29459000 
41.18699000 39.29297000 
41.18896000 39.29288000 
41.18884000 39.29134000 
41.19069000 39.28972000 
41.19255000 39.28809000 
41.19440000 39.28647000 
41.19625000 39.28484000 
41.19810000 39.28322000 
41.19995000 39.28159000 
41.20181000 39.27997000 
41.20168000 39.27843000 
41.20156000 39.27690000 
41.20353000 39.27681000 
41.20539000 39.27518000 
41.20526000 39.27365000 
41.20711000 39.27202000 
41.20699000 39.27049000 
41.20884000 39.26887000 
41.20872000 39.26733000 
41.21057000 39.26571000 
41.21045000 39.26417000 
41.21230000 39.26255000 
41.21217000 39.26101000 
41.21402000 39.25939000 
41.21390000 39.25785000 
41.21378000 39.25632000 
41.21575000 39.25623000 
41.21760000 39.25460000 
41.21748000 39.25307000 
41.21933000 39.25144000 
41.22118000 39.24982000 
41.22106000 39.24828000 
41.22291000 39.24666000 
41.22476000 39.24503000 
41.22463000 39.24350000 
41.22648000 39.24187000 
41.22833000 39.24025000 
41.23018000 39.23862000 
41.23006000 39.23709000 
41.23191000 39.23546000 
41.23179000 39.23393000 
41.23376000 39.23384000 
41.23561000 39.23221000 
41.23746000 39.23059000 
41.23943000 39.23050000 
41.24128000 39.22887000 
41.24116000 39.22734000 
41.24313000 39.22724000 
41.24498000 39.22562000 
41.24683000 39.22399000 
41.24670000 39.22246000 
41.24855000 39.22083000 
41.24843000 39.21930000 
41.25028000 39.21767000 
41.25015000 39.21614000 
41.25200000 39.21451000 
41.25188000 39.21298000 
41.25373000 39.21135000 
41.25360000 39.20982000 
41.25545000 39.20819000 
41.25533000 39.20666000 
41.25717000 39.20503000 
41.25705000 39.20350000 
41.25890000 39.20187000 
41.26075000 39.20025000 
41.26259000 39.19862000 
41.26444000 39.19700000 
41.26629000 39.19537000 
41.26617000 39.19384000 
41.26801000 39.19221000 
41.26986000 39.19058000 
41.27171000 39.18896000 
41.27158000 39.18742000 
41.27356000 39.18733000 
41.27540000 39.18571000 
41.27737000 39.18561000 
41.27922000 39.18399000 
41.28107000 39.18236000 
41.28304000 39.18227000 
41.28489000 39.18064000 
41.28686000 39.18055000 
41.28871000 39.17892000 
41.29055000 39.17730000 
41.29252000 39.17720000 
41.29437000 39.17558000 
41.29634000 39.17548000 
41.29819000 39.17386000 
41.29806000 39.17232000 
41.30004000 39.17223000 
41.30201000 39.17214000 
41.30188000 39.17060000 
41.30385000 39.17051000 
41.30583000 39.17042000 
41.30767000 39.16879000 
41.30964000 39.16870000 
41.31149000 39.16707000 
41.31346000 39.16698000 
41.31531000 39.16535000 
41.31728000 39.16526000 
41.31925000 39.16517000 
41.32109000 39.16354000 
41.32307000 39.16345000 
41.32491000 39.16182000 
41.32688000 39.16173000 
41.32885000 39.16163000 
41.33082000 39.16154000 
41.33070000 39.16001000 
41.33267000 39.15991000 
41.33464000 39.15982000 
41.33661000 39.15973000 
41.33846000 39.15810000 
41.34043000 39.15801000 
41.34240000 39.15791000 
41.34424000 39.15628000 
41.34621000 39.15619000 
41.34819000 39.15610000 
41.35016000 39.15600000 
41.35200000 39.15438000 
41.35397000 39.15428000 
41.35594000 39.15419000 
